-99 -10

-57.83428607256565 39.99523239847535
-54.61692482011221 50.856861956794766
-53.33619575580292 30.906083657737454
-48.32372090961412 43.085402342224825
-46.736817284044996 57.01347671005135
-40.77662510738665 36.52481205231946
-40.4436133735469 49.24201709548141
-33.005165492817184 30.231608141820786
-32.896517571319436 42.681426805576045
-57.031825401803204 -56.79785104349681
-56.67298359339859 -30.255929019029765
-56.17885773230747 -41.573271892882644
-55.058138732085176 -16.082617572463946
-54.69118542048318 -2.0692359684521877
-51.44468423747038 20.17878877221934
-51.33366905409069 7.45770876485527
-50.085241697213235 -49.6044530401103
-48.901523978828884 -23.962725108531387
-48.19250263183454 -35.55512166136216
-47.744601715893474 -9.262633971838959
-44.387085349500985 0.26431076146849986
-44.13114722127868 26.998772372844332
-43.67322462290092 13.885584861720666
-42.09888659674031 -43.586302808589814
-41.893721254323545 -55.34021740362108
-41.58798696263718 -17.142741507906397
-40.421043017264836 -29.26191775086378
-37.8965241857714 -7.526152195169655
-36.72664091831121 6.692186858333896
-36.359687606709215 20.705568462345656
-34.3274269821706 -37.293098898091436
-33.90736615385062 -49.322067172100596
-33.10750600107313 -22.44193415023879
-30.2987648214461 -0.9682575728561194
-29.523826505620143 -13.106129885266768
-29.41310390211951 13.512170458958884
-27.013889965978898 -30.473115297466446
-26.13590653928091 -43.02886326160222
-26.058581788227478 23.038210138434017
-23.23062259512205 -20.877589499836706
-22.985227805254397 5.851726027768869
-21.976730703392427 -6.54553959536169
-19.56502637199772 15.248652235627956
-18.822369523089208 -36.20887966097723
-15.683526792894334 -14.316999209931629
-14.663193687200724 0.27444400526329904
-54.286695309063774 -70.92032108646184
-48.840304958913514 -62.533615407007595
-45.89998962960975 -76.36671143661245
-40.45359927945949 -67.9800057571582
-33.50701557486952 -60.78660775377169
-143.28388106871165 62.349750293627864
-143.00258378724115 51.607440509819504
-141.29857746558937 40.84876801547289
-134.71220806169075 57.199369544526974
-134.5376839973179 67.19784649609089
-133.52711785101968 47.14197192597127
-133.4184699295224 34.692153262216
-125.966010990297 62.04746574699
-125.6470103149527 40.98535717271438
-124.78092077962573 51.99006812843464
-123.40581282677323 31.1171187682825
-122.87584104654754 71.55803090994154
-116.90081324355876 45.833453375177754
-116.79456567915281 58.00821835995513
-114.65961575537928 35.96521497074587
-113.70439573540335 67.51878352290667
-108.91445814308584 51.85160360669824
-107.58854794351407 28.894147158880127
-106.67326065490636 41.983365202266356
-106.63332792353788 74.58985133477215
-105.82428819933638 61.362168769649784
-99.60219284304115 34.91229739040061
-99.35972363871466 48.80334880289134
-98.7532203874709 68.43323658151526
-96.2695536949652 58.313913965842886
-92.28865582684945 41.7322809910256
-90.87311285140369 74.58985133477185
-89.19848588309999 51.24284615397714
-88.86845439359307 32.3353547831664
-88.62360230796534 64.84615068691943
-82.50717981951168 43.81139789920295
-81.55253449610014 57.77508287505369
-81.31006529177364 71.66613428754442
-79.0869783862553 34.414471691343756
-74.86122843251182 50.3436346202795
-74.23899747990843 64.59506647567868
-71.44102699925544 40.94670841242031
-67.54769141632012 57.16361822090449
-65.14782308875735 33.17524879785037
-64.7284323169569 67.68523641942815
-64.12748998306374 47.766692013045294
-58.03712625336859 60.25378816465396
-143.94587922343598 -21.300709591642658
-141.54722566016946 -45.366661797677494
-141.02969082152907 7.149538692213325
-140.10977599311096 27.260705007442056
-139.56216775554552 -30.288650054634477
-137.54230250511685 -9.257333384624438
-136.33497519367018 15.9790146208026
-135.25402174967138 -53.13812141224743
-134.28662096054558 -18.71251914061771
-134.11577740539553 -38.67535573408891
-133.95862300966385 0.07847088034758354
-130.59921083015973 24.170535063692522
-129.9029094926551 -27.70045960360953
-129.26390738180496 8.90794680893686
-127.82257349489744 -46.446815348658845
-127.72603067064051 -11.165423338389987
-124.45651914250513 -36.08716528306396
-124.14235117518751 -1.8296190734179643
-123.52814301829453 17.09946725182678
-123.34231920275005 -20.153363801381808
-120.16212906370791 -52.87469144552453
-119.44763554732862 6.999856855171311
-117.89592885260006 -28.540069480836237
-117.84914726468942 -9.601078687987902
-117.40575550553793 -43.262074486141344
-116.33474501490802 24.046050956416757
-113.46543579679894 -18.58901915097972
-113.15443163683052 -0.7716027593986272
-112.91454358165164 14.649124748557561
-111.02667448728207 -56.94205787628292
-110.84516521563286 -35.71497868391362
-108.27030092911208 -47.32944091689973
-107.87350676209148 -10.298643425429297
-107.17223188630085 -26.360478765549658
-106.62133967115355 6.877665133987623
-104.16834651025769 19.497220951020932
-102.13774239858103 -2.1071229825393747
-101.70971063920702 -39.782345114672005
-101.58030285159339 -18.070103039999236
-100.49884131454262 -53.6226448273984
-98.036777309875 -30.42784519630804
-97.8751425997596 11.725761336450994
-96.18199140978477 25.515371182541415
-95.84453848808293 -9.878582597109313
-93.93825102463755 -46.07554902517068
-93.39154532718707 2.7409732199239976
-92.44484827516754 -22.13746947075762
-90.26531769530554 -36.72104910680672
-89.88878749928668 17.743911567971477
-87.09834141668898 -5.030486394645941
-86.99166732004785 -53.26894702855745
-85.53399676628698 -14.907369800597365
-85.40519022671415 8.759123451444484
-84.67338866059808 -28.430673381256295
-83.31873399071584 -43.914447110193485
-82.57525048309498 24.563895168596463
-79.11198631621606 0.9876638368745452
-78.09165321052245 15.579107052069475
-77.76253715171751 -21.20057371109604
-77.72680495600838 -35.62407138464307
-77.54764166581406 -8.889219569076879
-77.08898663263216 -51.877216018956794
-72.7937744757572 26.643012076773818
-71.79844930002436 7.807647437499535
-71.57019020275209 -43.50417892071051
-70.81595344712781 -28.39397171448281
-69.77618205124459 -15.182423479575554
-69.77618205124435 -2.5960156585785006
-68.63483050520976 -57.304449186883616
-68.3101772031844 17.658223960247067
-64.65933869387152 -36.27407925055025
-63.08970924118804 -48.8033715630429
-62.82959834665488 -22.375821482962323
-62.462645035052645 4.223967942046489
-62.00472243667488 -8.889219569077177
-60.64973277199462 24.086100057112464
-59.10512866866016 13.750912675353945
-99 -95
-108.97564050259824 -94.30243526255865
-118.82371803272031 -92.56595348588925
-128.38676559235063 -89.64223643866181
-137.5222201687766 -85.57487000790375
-137.33246229195277 -63.830771050996496
-137.23111179281253 -75.444387937432
-129.14094184906307 -69.56653541450729
-128.09565721638683 -79.51175436819005
-127.59357731848185 -59.56599750911312
-120.00548727263735 -73.63390184526531
-118.458122742056 -63.6333639398715
-116.23552758169511 -82.90669522299856
-110.68666312748654 -69.92656785037018
-106.94059719332772 -79.19840639603817
-103.2552148727126 -63.23526178678159
-99.50914893855378 -72.5071003324496
-98.74907675043802 -84.93417075954895
-93.55225760995292 -60.81604283078517
-91.31762849566408 -78.24286469596038
-90.1774037434171 -90.08455150864984
-87.67440508702848 -68.90621277453485
-82.74595548864316 -83.39324544506127
-81.11381479712341 -61.359116972307135
-79.10273208000756 -74.05659352363574
-78.67858905788546 -92.52870002148741
-72.84327480122747 -82.00151443546062
-72.54214179010249 -66.50949772140802
-66.2826845113224 -74.45441863323289
-64.65175435833777 -87.7372787989714
-62.47821575195346 -65.18455672295106
-58.09116406843271 -80.19018299674367
-171.432775476135 34.44354649766794
-165.69701111262455 42.63506694055786
-162.8611024691141 29.29316574856705
-159.00570504903598 50.06651519533181
-157.12533810560365 37.48468619145697
-151.57425679426206 56.757821258920394
-150.43403204201508 44.91613444623092
-147.98988352917794 33.417319760698945
-173.10182157112902 -51.45197077776927
-177.4855330390198 -42.46403031477761
-180.7412145835914 -33.008844558784446
-182.820331491769 -23.227368551446393
-183.86561612444555 -13.282149597763661
-183.69109206007272 -3.283672646199749
-182.29936105047207 6.619008041215956
-179.7111705994469 16.278266304106644
-176.1274911039939 25.614070569078667
-175.11941905305181 -8.434053395300637
-174.07413442037557 -18.3792723489834
-173.72768804345117 1.4686272921150678
-171.99501751219827 -28.16074835632152
-171.13949759242598 11.127885555005754
-168.739335967627 -37.61593411231479
-167.55581809697298 20.463689819977777
-165.9839644766261 -12.501419826058665
-164.59223346702547 -2.5987391386429604
-164.35562449973654 -46.603874575306605
-163.90484756844882 -22.282895833396786
-162.00404301600028 7.060519124247726
-160.64916602387754 -31.73808158939006
-158.90923414958655 -54.990580254761035
-158.42036352054728 16.39632338921975
-156.71212593095848 -8.75535389189985
-156.26545455598708 -40.72602205238188
-154.63300902278118 -18.536829899237972
-154.1239354799333 0.903904370990837
-153.7256478926884 25.225799317809024
-151.3773274782099 -27.992015655231246
-150.8190642058371 -49.11272773183631
-150.5402559844803 10.23970863596286
-147.20156076800725 -11.845523835649384
-146.99361601031944 -36.979956118223065
-145.8455403566214 19.069184564552135
-144.61337031698207 -2.186265572758698
-144.52586029533902 -56.88418734640625
-146.18247420662098 -80.57487000790371
-154.1688293070939 -74.5567197763832
-161.3622273104804 -67.61013607179322
-167.65543122097876 -59.83867645722351
-152.61603023908847 -62.76203986933098
-145.42263223570222 -69.70862357392122

-99 -10

120.52835788821218 136.43858788081073
136.70869777571068 124.68288283496064
122.06414835253216 61.44390216284334
124.10235261630068 87.34174283242429
127.01250537078397 107.1904886921727
127.66066590204801 31.73447560256527
137.8243634246661 49.13067265632956
138.2444882400311 73.19960720869281
142.77272044291794 94.87725918565893
152.46891284784465 112.36965332844686
154.00470331216505 60.886377702179026
156.91485606664835 80.73512356192745
160.1003630076393 41.652286304969465
166.61104847157506 98.22751770471538
172.6750711387823 68.42189405541367
178.64404009897504 49.14441817328771
191.93508703103132 34.03423894281939
115.14816636361934 -6.699117950646197
120.63377004853047 -26.1182446789856
121.15117664642312 12.543023581436017
129.8267362989159 -44.00824672631453
134.5269374577104 -11.731448672212569
140.46969317220427 7.366642679384762
143.71990370809584 -29.6214507195415
146.97918242782916 26.558094700514012
153.87004959900744 -46.99850797757754
154.08988947238652 -7.573214855857382
160.27022935988543 11.447915470045697
163.28285572277196 -25.463216903186314
173.39140993969556 26.542107074501146
173.65284148706206 -3.414981039502681
176.47066753765475 -40.51788506837315
182.84580773744807 -21.30498308683113
186.7740220668722 11.679210564952768
195.9669883172582 -6.210791482375679
196.03361955233086 -36.35965125201796
118.34673665332654 -131.62164382697406
120.6126687195254 -92.37452342859692
121.4332050984923 -68.8774358526682
129.23951735362706 -114.84823246806558
137.19342017062624 -81.19066535918198
137.95811624474567 -135.72514022519218
139.9768821898275 -61.38530398435057
143.04085426508036 -100.31676047844287
149.42964497176658 -119.34209933941233
155.73709726196148 -73.69853349086435
161.5845313564156 -92.82462861012525
169.6302646711414 -59.31173748409132
175.4776987655955 -78.4378326033522
189.11766596684546 -63.81075857096879
124.83693566493554 -150.81933182964764
37.78209092096735 145.206310089811
41.6492013019537 172.72223020779538
45.67250236423001 194.43002018676134
51.67525833014676 130.81951408303746
53.962430808466294 156.9620151356605
60.05929837100251 180.53685277758086
65.05787045732338 115.95661757348908
67.8555982176457 142.57521912888694
72.3725278775151 164.77663770544598
81.23821034482232 127.71232261933855
82.06872028244182 182.2690318482339
86.26569528669451 150.38984169867243
95.96188769162123 167.88223584146036
99.64830741387112 135.52694518912404
109.34449981879784 153.01933933191197
110.83216548328548 118.9461937380228
33.71323253504479 34.020147047208404
35.33122092002915 94.40218670336961
37.11884859301023 55.6469914184253
41.37449683194569 113.67616806899521
45.63198241822964 77.258840689327
52.43973745538929 42.791239224693925
54.89417293470527 98.5604205197248
58.487734611959866 61.93795182694697
65.19493443290575 81.4170745056822
69.02048890648967 31.60738115527833
75.06848606306025 50.75409375753138
75.35863195552386 98.81327155944648
81.57797531868513 69.94554577866063
91.24882595055874 38.99838871168128
91.53897184302281 110.56897660529594
91.74167284130324 87.34174283242491
97.75831520618362 58.18984073281053
107.92201272880173 75.58603778657482
107.92201272880219 99.09744787827438
111.90045082991405 44.04770510907905
33.71323253504435 11.65243090837787
35.66690995376133 -13.171394362287705
37.863620896856 -45.89784366756659
48.25331777475752 -28.714313591427583
50.29398398614474 0.46857283896227386
50.29398398614518 22.836288977792808
55.00696691089783 -56.19860516576837
62.880391807140924 -15.074346390177604
65.39666378879934 -39.01507508962936
66.87473543724556 11.652430908377212
79.46114325824175 -3.890488320762664
80.02373782118275 -25.375107888379382
85.20082879398817 19.851676109428233
85.50934150609389 -44.79423461671878
96.60448927228359 -14.19124981896444
99.34296441771859 5.709540485696751
102.09009295719471 -33.610376547303844
105.39096157428916 24.856253087949796
111.28305920758015 -51.50037859463278
30.670679627212106 -87.56423418399686
32.46302541025132 -140.69680750967393
37.67596664648009 -108.50083015818254
44.812815250943046 -73.4220985602659
46.60516103398226 -126.55467188594297
49.989196152992854 -92.74061508604743
56.90592253218275 -143.6980178999856
58.918390540495416 -110.79445681380852
64.1313317767238 -78.59847946231646
69.21915203869591 -127.93780282785113
73.06052616422636 -96.65232119007756
74.32548343667897 -61.37498606781963
83.36128766242685 -113.79566720412016
84.10392247181522 -79.64519858717625
84.97936711082986 -140.2510323343649
94.25406836272737 -97.02225584521167
94.70230775647931 -62.684236664047724
99.12150273456079 -126.10889671063394
104.85245364739146 -80.06129392208314
110.01428343486131 -109.33548535172545
28.376990901678788 -171.73332093289648
29.510131941429346 -197.6865176406602
42.763786908451806 -157.84015352371654
44.13720597381275 -184.04655043941025
58.524001980585766 -170.15338303023032
63.36243989257851 -189.5592975557504
72.6661376043167 -156.01124740649936
77.74923589935152 -175.66613014657042
91.89137152308246 -161.52399452283947
104.20460102959561 -145.76377945070502
111.45432353775838 -165.68222833919552
-57.50983493935116 132.6616483305327
-56.46311581449231 152.63423902562417
-52.520881475704634 173.930007461343
-46.93561475818768 194.0698286100669
-40.54887301622306 122.06326304586791
-39.502153891364216 142.0358537409594
-36.54817127475925 161.8937069983014
-31.39269552904875 181.48342078906956
-22.72874253245617 131.14307304065818
-21.091934030847682 198.62676680311182
-19.774759915851202 151.0009262980002
-14.619284170140705 170.59064008876834
-4.318522671939638 187.7339861028106
-4.057134002512136 138.31043203156418
0.781303909481192 157.7163465570841
5.257713623351256 120.54468775599324
11.08206540768226 174.85969257112637
11.861817215559308 199.48969114866009
15.168099916253691 143.82317914790363
25.468861414454757 160.9665251619459
27.262405295181203 186.61539761697586
27.481329422766287 128.06296407576875
-57.12962446732389 110.87940497645297
-53.028265561273784 91.03480526078921
-50.51199357961536 67.09407656133746
-36.44751411017295 102.21866333020415
-35.88491954723195 80.73404376258743
-33.55103165648726 56.49569127667268
-23.250270158286774 39.35234526263008
-19.30416809613112 91.91790183200237
-18.923957624103856 70.13565847792265
-17.215995416116797 111.91783912189163
-8.623196125903371 52.99231246388006
-2.3432061730030256 81.31951654733759
-0.2550334929887015 101.31945383722686
2.269584574396582 36.218901104971195
7.957555325197459 64.17617053329501
15.925306394509786 89.56374879137677
18.850336025497413 47.402759174386134
21.43805351084974 108.78898271014315
26.226067892710276 72.42040277733416
-16.446778292129427 -46.61009783473605
-15.051648817246953 -26.658816829539568
-12.357489457986821 22.578933903721218
-7.88428982634097 -7.9872082995955225
0.13397315897096362 -57.793955904151645
1.5291026338534373 -37.84267489895517
2.505407051560553 9.196321776543487
8.69646162475942 -19.171066369011122
17.132481083943958 22.836288977793465
18.109854084953827 -49.02653296837076
19.086158502660943 -1.9875362928721092
25.277213075859812 -30.354924438426718
-55.11310585735275 -111.0324524793169
-54.9307217664386 -90.133305696451
-46.13768973233604 -135.69220561301094
-37.969759843310506 -100.7316909811158
-36.57463036842803 -80.78040997591933
-33.28193753860527 -120.37131675063137
-27.343837316618483 -142.5326084795244
-24.26140086191488 -65.02019490378487
-19.993878917327642 -91.96426804533492
-15.30605661262193 -111.60389381484981
-10.807035525745238 -131.09129511055465
-7.680649410814489 -76.20405297320048
-0.7686449985615056 -97.47701516167574
3.8200385066381646 -117.45132790930468
8.99641940868797 -136.7698444350862
11.544584507951647 -81.7168000895413
18.357450120698953 -103.32444925613129
23.383215415460985 -122.87667702590626
25.68672013168259 -67.57466446581033
0 -200
-19.95128100519647 -198.6048705251173
-39.756642380027856 -195.8214085059158
-55.68244574681793 -170.65715314240273
-42.66472617899804 -155.3883606732552
-36.3639292210368 -175.83353404445398
-21.977133214263784 -161.94036663527402
-12.897323219473453 -179.76049711904167
-5.630654623695433 -150.40981163633617
3.449155371094898 -168.22994212010383
13.749916869295387 -185.37328813414643
18.0762294034783 -154.58997491885387
-134.7403485136391 118.89138244012219
-134.4871483057086 147.90525247927914
-120.84718110445917 133.27817844689523
-118.94422907656917 160.4916603002759
-106.95401369527977 118.8913824401217
-105.30426187531975 145.86458626789198
-102.36347762546833 171.67551836969085
-91.41109446614036 131.47779026111846
-88.72351042421892 157.04844433730693
-84.7045257682898 181.06494962540867
-74.83034301503952 142.6616483305334
-74.09058639045199 121.47779026111775
-71.06455856704038 166.43787559302476
-66.16084867695406 188.5570814937269
-133.7029332981905 89.18369757096909
-120.84718110445971 104.50458643334866
-116.38242522250212 79.18369757096839
-103.52667302877134 94.50458643334797
-89.6335056195914 108.89138244012099
-86.56571110564325 83.90620114868318
-72.67254369646331 98.29299715545622
-67.65533959365719 77.39483805953924
-143.5559132187179 -139.07760655358243
-138.0054852685852 -116.81605595822172
-127.70472377038413 -99.67270994417947
-124.88430468877561 -131.91024756267765
-114.58354319057455 -114.7669015486354
-99.26265432819548 -127.62265374236678
-97.09114904778663 -105.07070914370865
-82.30169240506739 -138.22103902703157
-81.77026018540757 -117.92646133744003
-72.07406778048085 -100.4340671946521
-64.80929826227947 -128.52484662210483
-59.07515890580918 -190.64502760386523
-77.8690113215273 -183.80462473735173
-95.99516706226025 -175.35225950253763
-112.95612898538872 -164.75387421787346
-128.92883918633453 -152.71757375483244
-109.56341582639655 -144.76599975640903
-92.60245390326845 -155.3643850410738
-74.47629816253581 -163.81675027588855
-61.68060896147545 -148.2786134340077
-161.2360679086193 118.19756761012654
-148.38031571488852 133.5184564725061
-194.53307294999834 45.96750074483473
-188.68563885554363 65.09359586409545
-181.51827986463763 83.7652043940395
-175.0456716542942 50.46652183171153
-172.12884860891984 101.42415625121805
-167.87831266338821 69.13813036165558
-158.48888140767042 86.79708221883413
-147.59610070736989 103.57049357774262
-144.59571399849102 72.4102862120606
-192.46369527456403 -52.98782650890331
-196.96271636144138 -33.50042521319861
-199.40010322954436 -13.649502180372174
-199.74915135829005 6.34745172275565
-198.00603650333693 26.271345684590564
-156.67709379852803 -123.98341494912697
-168.14862252554894 -107.60037406334713
-178.14862252554897 -90.27986598765837
-186.28335538706503 -72.00895683480637
-159.47701399560495 -83.11250699675236
-149.47701399560555 -100.43301507244148
