282 310

348.4970169635823 358.4455153071025
353.7962096059141 349.965034345538
348.94811340345075 341.21883727414405
349.5525904179236 323.9088803839903
349.98541909019957 305.6356426465654
350.436515530068 288.40896461360694
350.7388000767049 271.0910945351917
354.2473060457825 332.7383563125796
354.68013471805847 314.46511857515463
355.28461173253135 297.1551616850009
355.58689627916823 279.83729160658567
359.0954022482459 341.48455338397355
359.5282309205218 323.2113156465486
359.97932736039024 305.98463761359017
360.4349924816316 288.58348867797963
364.8274235628536 314.73083468498413
365.278520002722 297.5041566520257
262.368813608926 384.4018199003887
262.64826170659745 366.21186102015906
263.25273872107033 348.90190413000533
267.0635292367849 393.231295828978
267.4963579090608 374.958058091553
267.9474543489292 357.7313800585946
272.34445411152416 383.704255162947
272.7955505513926 366.47757712998856
273.24664699126095 349.2508990970301
277.03916973938306 392.53373109153625
277.64364675385593 375.2237742013825
278.0947431937243 357.9970961684241
282.33836238171483 384.0532501299718
282.94283939618765 366.74329323981806
283.3939358360561 349.5166152068596
287.1864585841782 392.79944720136575
287.63755502404655 375.5727691684073
288.2420320385194 358.2628122782536
292.4856512265099 384.3189662398013
292.9367476663783 367.09228820684285
293.54122468085114 349.7823313166891
297.1803668543688 393.14844216839055
297.7848438688417 375.8384852782368
298.23594030871004 358.6118072452784
302.4795594967006 384.6679612068261
303.0840365111734 367.35800431667235
303.52752002839685 349.2589717542592
307.7787521390323 376.1874802452616
308.22223565625575 358.0884476828485
312.62684834149564 384.9336773166556
313.0703318587191 366.83464475424245
313.5214282985875 349.607966721284
317.765047486578 375.6641206828317
318.3695245010509 358.354163792678
322.61314368904135 384.4103177542257
323.0642401289098 367.18363972126724
323.6687171433826 349.8736828311136
327.9123363313731 375.9298367926612
328.3634327712415 358.7031587597029
333.21152897370484 367.44935583109685
333.6550124909283 349.3503232686837
338.3497281187872 358.179799197273
343.19782432125055 366.92599626866695
343.648920761119 349.6993182357085
263.7038351609387 331.6752260970469
264.1549316008071 314.44854806408847
264.75940861527994 297.13859117393474
265.2028921325034 279.0395586115216
268.55193136340205 340.42142316844087
269.00302780327047 323.19474513548244
269.45412424313884 305.968067102524
269.8976077603623 287.8690345401109
270.50208477483517 270.55907764995715
273.8511240057338 331.9409422068764
274.3022204456022 314.71426417391797
274.74570396282564 296.61523161150484
275.19680040269407 279.3885535785464
275.8012774171669 262.0785966883928
278.5458396335927 340.77041813546566
279.15031664806554 323.46046124531193
279.44041959068454 305.4447075400941
280.0448966051574 288.1347506499404
280.4959930450258 270.90807261698205
283.84503227592444 332.2899371739012
284.2885157931479 314.19090461148807
284.7396122330163 296.96422657852963
285.34408924748914 279.654269688376
288.6931284783878 341.03613424529516
289.13661199561125 322.93710168288203
289.58770843547967 305.7104236499236
290.03880487534803 288.4837456169653
290.4822883925715 270.38471305455215
293.83132762347014 331.7665776114713
294.435804637943 314.45662072131756
294.8869010778114 297.22994268835924
295.33038459503484 279.1309101259461
298.6794238259335 340.51277468286526
299.1305202658019 323.2860966499068
299.73499728027474 305.9761397597532
300.02510022289374 287.9603860545354
300.6295772373666 270.65042916438165
303.9786164682653 332.0322937213008
304.42971290813364 314.80561568834247
304.8731964253571 296.70658312592934
305.3242928652255 279.4799050929709
305.9287698796984 262.1699482028172
308.8267126707286 340.77849079269475
309.277809110597 323.55181275973644
309.72129262782045 305.4527801973233
310.17238906768887 288.2261021643649
310.6234855075573 270.99942413140644
314.12590531306034 332.2980098311304
314.41600825567934 314.28225612591257
315.0204852701522 296.97229923575884
315.47158171002064 279.7456212028004
315.92267814988907 262.518943169842
318.82062094091924 341.12748575971966
319.2641044581427 323.02845319730653
319.7152008980111 305.8017751643481
320.319677912484 288.4918182741944
320.7707743523524 271.26514024123594
324.11220066060605 331.7746502687005
324.5632971004745 314.54797223574207
325.0143935403429 297.32129420278363
325.61887055481577 280.0113373126299
328.80691628846495 340.60412619728976
329.4113933029378 323.29416930713603
329.86248974280625 306.0674912741776
330.31358618267467 288.84081324121917
330.7464148549506 270.5675755037942
334.1061089307967 332.1236452357253
334.7105859452696 314.81368834557156
335.161682385138 297.58701031261313
335.59451105741397 279.3137725751882
338.9542051332601 340.86984230711926
339.4053015731285 323.6431642741608
340.0097785876014 306.3332073840071
340.28922668527287 288.14324850377744
340.7448918065142 270.74209956816685
344.25339777559185 332.3893613455548
344.7044942154603 315.16268331259636
345.1373228877362 296.8894455751714
345.58841932760464 279.662767542213
345.89527255561444 262.1704265611455
265.6539885723718 261.8128805785632
266.1050850122402 244.58620254560486
266.54856852946364 226.48716998319173
270.95318121470353 253.33239961699883
271.396664731927 235.2333670545857
276.0913803597859 244.06284298317496
276.5470454810272 226.6616940475644
280.93947656224924 252.80904005456892
281.39057300211766 235.58236202161052
285.7875727647126 261.5552371259629
286.238669204581 244.3285590930045
286.5409537512179 227.01068901458922
291.08676540704437 253.07475616439845
291.38904995368125 235.75688608598318
295.78148103490327 261.9042320929877
296.2371461561446 244.50308315737715
296.5394307027815 227.18521307896188
301.08067367723504 253.42375113142324
301.38752690524484 235.93141015035584
306.2310544263353 244.85207812440194
311.07915062879863 253.59827519579588
311.36316740784304 235.23384541291415
316.2066949289335 244.15451338696025
321.0547911313968 252.90071045835418
321.3570756780337 235.58284037993894
325.89831865248726 261.82137843240025
326.20517188049706 244.32903745133288
331.0486994015875 253.24970542537895
335.89679560405085 261.9959024967729
336.19908015068773 244.67803241835765
341.0471763531511 253.42422948975158
212.84132341389622 348.4533255709337
217.68941961635957 357.1995226423277
222.38413524421847 366.02899857091694
222.98861225869132 348.7190416807632
227.23223144668182 374.7751956423109
227.68332788655022 357.5485176093525
232.53142408901357 366.29471468074644
232.98252052888193 349.06803664778806
237.37952029147692 375.0409117521404
237.8306167313453 357.814233719182
242.07423591933582 383.87038768072966
242.67871293380864 366.560430790576
243.12980937367703 349.33375275761756
247.37342856166754 375.38990671916525
247.9779055761404 358.0799498290115
252.2215247641309 384.1361037905592
252.67262120399928 366.9094257576008
253.1054498762752 348.63618802017584
257.52071740646267 375.65562282899475
257.95354607873855 357.3823850915698
198.45041538111062 322.1314554995565
199.05489239558347 304.8214986094028
203.29851158357397 330.8776525709505
203.74960802344236 313.65097453799206
204.35408503791518 296.3410176478384
204.80518147778358 279.11433961487995
208.14660778603732 339.62384964234445
208.59770422590572 322.397171609386
209.04880066577408 305.17049357642765
209.65327768024693 287.8605366862739
210.08610635252285 269.58729894884897
213.44580042836907 331.14336868078
213.89689686823743 313.9166906478216
214.34799330810583 296.6900126148632
214.78082198038175 278.41677487743823
218.14051605622797 339.97284460936925
218.7449930707008 322.6628877192156
219.19608951056918 305.43620968625714
219.6289181828451 287.1629719488322
220.0800146227135 269.93629391587376
223.43970869855968 331.49236364780484
224.04418571303253 314.1824067576511
224.323633810704 295.99244787742145
224.92811082517684 278.6824909872677
228.28780490102304 340.2385607191988
228.73890134089143 323.01188268624037
229.17173001316735 304.7386449488154
229.62282645303574 287.511966915857
230.2273034675086 270.20201002570326
233.58699754335478 331.75807975763433
234.0198262156307 313.4848420202094
234.4709226554991 296.25816398725095
234.9220190953675 279.0314859542925
238.28171317121368 340.5875556862236
238.7145418434896 322.31431794879865
239.31901885796245 305.0043610586449
239.77011529783084 287.7776830256865
240.22121173769924 270.55100499272805
243.56263804595295 331.0605150201926
244.01373448582135 313.8338369872342
244.6182115002942 296.52388009708045
245.0693079401626 279.297202064122
245.52040438003098 262.0705240311636
248.25735367381185 339.8899909487819
248.8618306882847 322.58003405862814
249.3129271281531 305.3533560256697
249.91740414262594 288.043399135516
250.36850058249433 270.81672110255755
253.5565463161436 331.4095099872174
254.16102333061644 314.0995530970637
254.61211977048484 296.87287506410524
255.2165967849577 279.5629181739515
258.404642518607 340.15570705861137
258.85573895847534 322.92902902565294
259.4602159729482 305.6190721354992
259.9113124128166 288.3923941025408
260.35479593004004 270.29336154012765
215.3852989948546 261.1068179872845
220.68449163718634 252.62633702572006
225.37920726504524 261.4558129543093
230.67839990737698 252.97533199274486
235.52649610984034 261.7215290641388
235.97759254970873 244.49485103118042
240.82568875217208 253.24104810257435
245.96388789725444 243.97149146875051
250.8119840997178 252.71768854014445
251.26308053958618 235.49101050718608
255.5066997275767 261.5471644687337
256.11117674204957 244.23720757858
260.80589236990846 253.06668350716924
261.4103693843813 235.7567266170156

282 310

869.5874260242157 865.9575126032291
870.0237230443615 936.6058124051287
871.3650148707659 888.5439204242272
873.6521873490854 914.6864214768502
884.8866195539094 949.9884245323059
886.9079340999041 875.9575126032285
887.5453547582648 900.2996254700766
888.2792613814687 928.3263886781002
902.1724287906482 913.9395926713266
903.088273987403 887.7132176490779
903.1421578910166 941.7090008052774
904.2284421755925 865.9575126032278
917.0353253001961 927.3222047985038
917.7153480197863 901.3531848503279
920.4087820630914 877.7132176490773
921.4130670438686 949.8437336667934
932.5782445293343 914.7357969775051
935.0358560954747 891.3531848503272
935.3062344530481 935.4569376600198
936.1689971352254 865.3999881425634
949.199401862228 949.8437336667928
949.8987526050227 904.7357969775044
869.5874260242157 845.9575126032291
873.5919360505002 817.4639432092165
875.5375997066799 785.3998482644602
885.3476410963497 833.6442830967153
886.7131166303097 802.3697516047606
886.9079340999041 855.9575126032285
898.4688216761592 818.5500914922594
899.56886882404 787.0488627423806
902.668149172038 843.6442830967146
911.3245738698895 803.2292026298794
915.7893297518476 828.5500914922587
919.9886572477265 853.6442830967139
922.2256957159744 786.4519591973863
928.6450819455779 813.2292026298787
933.109837827536 838.550091492258
939.5462037916628 796.4519591973856
945.9655900212663 823.229202629878
949.2901777150349 850.3057965381075
868.7608082314575 766.2627794945497
876.4253428390688 722.8728069566523
877.3628100289774 701.4012782296307
878.4635471028373 748.7706476262333
888.3933519004102 770.0789594020802
892.6056827265677 734.6285120025018
893.7458509147572 712.8728069566516
899.5772099698245 753.4982079509789
909.9261908022561 724.6285120025011
910.469990670125 770.2716193098873
911.0663589904456 702.872806956651
916.8977180455129 743.4982079509782
927.2466988779445 714.6285120025004
927.7904987458134 760.2716193098867
928.386867066134 692.8728069566503
934.2182261212013 733.4982079509775
939.5462037916628 776.4519591973856
944.5672069536329 704.6285120024997
945.1110068215017 750.271619309886
869.3093997540658 621.3289277583926
869.3093997540658 641.3289277583926
878.300277218886 679.9297495026092
878.6598233714459 659.3313642179444
886.2703616771939 610.7305424737278
886.6299078297542 631.328927758392
894.6833181046658 691.4012782296301
895.6207852945744 669.9297495026085
895.9803314471343 649.3313642179437
903.5908697528823 620.7305424737272
912.0038261803542 681.4012782296294
912.9412933702624 638.7329789332789
912.9412933702628 659.9297495026078
919.5635799538277 608.6942420106856
928.9140035712078 626.6966784702373
929.3243342560426 671.4012782296287
929.9022552933909 649.331364217943
945.7073751418224 682.8728069566496
945.8749654943363 637.2950637549014
946.2852961791707 660.8028929449639
867.6020557267625 578.6942420106876
868.9498536015055 600.7305424737285
871.7602895431171 539.1312899960113
871.7602895431171 559.1312899960113
884.9225638024509 588.6942420106869
889.0807976188055 529.1312899960107
889.0807976188055 549.1312899960107
889.0807976188055 569.1312899960107
902.2430718781393 598.6942420106863
906.4013056944939 539.13128999601
906.4013056944939 559.13128999601
906.4013056944939 579.13128999601
923.7218137701823 529.1312899960093
923.7218137701823 549.1312899960093
923.7218137701823 569.1312899960093
923.7218137701823 589.1312899960093
938.5847102797302 602.5139021231864
941.0423218458707 539.1312899960086
941.0423218458707 559.1312899960086
941.0423218458707 579.1312899960086
871.2704148192258 446.97765189493845
872.6977567330257 517.6597612689898
873.3077588049259 496.5692145707918
876.3397229412031 474.99566875616694
887.6534557050056 458.4491806219594
890.0182648087141 507.6597612689891
891.7613796636666 487.73586730715414
897.3496481099318 440.9567864791711
903.1963749341451 471.03558844295617
906.4013056944939 519.13128999601
908.1444205494464 499.207396034175
912.8925673390712 453.5431943001679
919.5794158199249 482.5071171699771
925.4649286251348 509.20739603417434
927.5196413714541 439.9032270989174
929.275608224851 465.01472302718884
936.8999238956136 492.5071171699771
942.7854367008232 519.2073960341736
943.9026822572339 451.37475582593834
946.5961163005397 475.01472302718884
870.0920873605318 352.22892674311174
873.5390729261536 380.3023713217598
878.2731731808461 405.8452905508997
880.966607224152 429.4852577521502
885.8523024326662 364.5421562496249
890.8595810018423 390.3023713217598
895.5936812565349 415.8452905508997
903.1728105083549 374.5421562496249
908.1800890775311 400.3023713217598
911.9767221423147 427.3168192779206
913.4735720065554 357.3988102355823
920.4933185840437 384.5421562496249
924.5631299633109 411.7739000487807
930.7940800822441 367.3988102355823
935.970460984293 348.0802937098
936.8763594698235 396.01368497664583
940.1060491924503 424.3603078697775
947.1771209680239 378.8703389626032
864.6326337865978 322.772351222556
869.8090146886474 303.45383469677506
870.746481878556 281.98230596975344
880.3928488587322 335.08558072906914
885.5692297607818 315.7670642032882
887.1295227643358 293.4538346967744
887.7074438016841 271.3839206850886
896.1530639308667 347.3988102355823
901.3294448329162 328.08029370980137
902.8897378364702 305.76706420328753
904.0904846874639 282.8554494121095
918.6499529086046 318.0802937098007
918.6499529086046 338.0802937098007
919.8506997595983 295.1686789186227
921.4109927631523 272.8554494121088
935.6109148317328 307.4819084251358
935.970460984293 328.0802937098
937.1712078352867 285.16867891862194
938.7315008388407 262.85544941210804
871.1266923505833 200.20006261567366
871.1266923505833 220.20006261567363
871.1266923505833 240.20006261567363
871.1266923505833 260.20006261567363
888.4472004262717 210.20006261567292
888.4472004262717 230.20006261567292
888.4472004262717 250.20006261567292
900.2029054721206 194.01972272817355
905.0279518773725 261.38392068508784
905.7677085019601 220.2000626156722
905.7677085019601 240.2000626156722
917.5234135478054 184.01972272817355
917.5234135478054 204.01972272817355
922.3484599530609 251.38392068508713
923.0882165776485 230.2000626156715
934.8439216234938 194.01972272817284
934.8439216234938 214.01972272817284
939.6689680287493 241.38392068508642
900.20290547212 174.01972272817355
900.2029054721195 154.01972272817355
900.2029054721189 134.01972272817355
900.2029054721183 114.01972272817355
900.2029054721178 94.01972272817355
917.5234135478054 104.01972272817355
917.5234135478054 124.01972272817355
917.5234135478054 144.01972272817355
917.5234135478054 164.01972272817355
934.8439216234938 94.01972272817285
934.8439216234938 114.01972272817285
934.8439216234938 134.01972272817284
934.8439216234938 154.01972272817284
934.8439216234938 174.01972272817284
900.2029054721172 74.01972272817355
900.2029054721166 54.01972272817355
917.5234135478054 64.01972272817355
917.5234135478054 84.01972272817355
931.9102095545779 50.126555318993056
934.8439216234938 74.01972272817285
949.2307176302663 60.12655531899236
778.0860740140795 888.5853539054942
789.1193249921453 905.4556766307566
791.0298398415064 929.7310694582349
791.0298398415064 949.7310694582349
792.9489705236268 875.2027417783165
803.9822215016926 892.0730645035788
805.8927363510537 916.3484573310571
808.3503479171948 939.7310694582342
811.0751262643595 866.7503765435018
820.755632860601 902.9658452038794
822.830831310209 882.9307164310007
823.2132444267421 926.3484573310565
825.6708559928835 949.7310694582342
836.7239987193884 868.5439204242272
838.0761409362894 912.9658452038788
840.1513393858977 892.9307164310007
840.5337525024308 936.3484573310565
854.0445067950772 878.5439204242272
855.1608265348142 949.9884245323065
855.3966490119782 922.9658452038788
857.4718474615864 902.9307164310007
778.3312676170982 819.0354408351294
781.7651124542119 858.6219903272157
789.5006469883641 802.4419543157965
790.2609521166262 780.6696640905739
794.5116075045971 830.7911458809789
799.8912681949446 850.169625092401
805.680986875863 814.197659361646
806.643993002406 792.1411928175947
813.9175220301171 835.6295837929722
822.8243328899049 803.8968978634442
823.9645010780944 782.1411928175941
824.9682936735389 852.3635805367283
829.335695979048 822.8072693754306
840.1448409655933 793.8968978634435
840.5112129026778 839.7771727157309
846.6562040547363 812.8072693754299
852.2669179485273 855.9575126032298
855.9050560377273 781.5836683569297
857.8317209783662 829.7771727157302
862.4164191268703 800.494039868916
792.8600084604062 700.0005362883394
783.1572695890272 717.4926681566567
789.9976724555403 736.2865205723745
791.1984193065348 759.1981353635523
802.8534246492706 720.9656317099945
806.9586343786688 746.8849058570386
807.5814601923146 770.6696640905732
812.5561635206503 703.473499841678
819.814386572399 731.5640169946586
823.3416752644486 758.3564345840593
829.5171254437788 714.0718851263421
836.1974274581788 743.0355457216793
839.7247161502283 769.8279633110802
843.6592610675092 699.9297495026105
845.9001663295586 725.543413853363
852.5804683439586 754.5070744487002
860.042301953289 711.4012782296314
862.2832072153384 737.0149425803838
800.0273674513122 621.3289277583954
800.0273674513122 641.3289277583954
800.0273674513122 661.3289277583954
800.0273674513122 681.3289277583954
817.3478755270006 611.3289277583947
817.3478755270006 631.3289277583947
817.3478755270006 651.3289277583947
817.3478755270006 671.3289277583947
826.6982991443807 689.3313642179464
834.668383602689 621.328927758394
834.668383602689 641.328927758394
834.668383602689 661.328927758394
844.0188072200691 679.3313642179457
851.9888916783774 611.3289277583933
851.9888916783774 631.3289277583933
851.9888916783774 651.3289277583933
860.9797691431976 689.9297495026099
861.3393152957575 669.3313642179451
783.6443265655324 569.8573990313745
783.6443265655324 589.8573990313745
785.1153549901866 523.0805776599378
786.4631528649296 545.1168781229787
800.0273674513122 601.3289277583954
800.6052884886606 559.2590137467097
800.9648346412208 579.8573990313738
802.435863065875 533.0805776599371
816.5779986896059 547.2227132836681
817.3478755270006 591.3289277583947
817.925796564349 569.259013746709
821.3462345778607 526.5692145707939
833.8985067652943 557.2227132836674
834.3088374501287 580.7305424737299
834.668383602689 601.328927758394
838.0567405816489 537.6597612689911
850.2815476510741 568.6942420106883
851.6293455258171 590.7305424737292
854.4397814674287 549.131289996012
855.3772486573373 527.6597612689905
788.9315348977169 463.4480339909844
788.9315348977169 483.4480339909844
788.9315348977169 503.4480339909844
791.4217739427108 439.8148862099871
806.2520429734053 453.44803399098373
806.2520429734053 473.44803399098373
806.2520429734053 493.44803399098373
806.2520429734053 513.4480339909837
823.5725510490937 463.44803399098305
823.5725510490937 483.44803399098305
823.5725510490937 503.44803399098305
825.157869940828 443.3606927807187
838.6667426535491 516.5692145707932
840.8930591247821 473.44803399098237
840.8930591247821 493.44803399098237
842.4783780165168 453.3606927807187
853.9499067435371 436.97765189493845
855.9872507292375 506.5692145707925
858.2135672004705 483.4480339909817
859.7988860922055 463.3606927807187
781.841368591625 362.203411942688
788.7259276377997 390.8796641548912
793.6374397965592 418.7342337676924
796.4684426240079 348.5634447414375
798.4221200427259 373.38727001210293
805.1089685235795 402.35119288191214
809.3976548686936 431.04746327420554
813.0491940751087 359.74730281085243
814.8051609285056 384.85879873912387
820.8691835957139 414.6644223884253
829.4322349608885 371.21883153787337
830.5653760006401 397.172028245637
836.6293986678484 426.97765189493845
842.0186427818848 355.6759123087335
845.192450033023 383.5320610443865
846.3255910727745 409.4852577521502
857.7788578540192 367.9891418152466
860.9526651051574 395.8452905508997
863.6460991484632 419.4852577521502
779.1479345483195 338.56344474143816
779.707317222652 270.11696442612214
786.72706380014 297.26031044016406
791.7343423693158 323.02052551229826
797.0278252983404 280.11696442612146
804.0475718758283 307.2603104401634
809.0548504450041 333.0205255122976
814.3483333740288 290.1169644261208
819.5247142760784 270.79844790033985
821.3680799515167 317.2603104401627
825.635601896105 344.20438358171253
831.6688414497172 300.1169644261201
836.8452223517668 280.79844790033917
837.9488314026175 328.44416850957765
848.249592900818 311.30082249553504
853.4259738028676 291.9823059697541
854.1657304274552 270.7984479003385
854.3318722883973 339.9156972365986
784.5241519721413 210.2000626156772
784.8836981247016 230.79844790034127
784.8836981247016 250.79844790034127
801.8446600478297 200.2000626156765
801.8446600478297 220.2000626156765
802.20420620039 240.79844790034056
802.20420620039 260.79844790034053
819.1651681235181 210.2000626156758
819.1651681235181 230.2000626156758
819.5247142760784 250.79844790033982
836.4856761992065 200.20006261567508
836.4856761992065 220.20006261567508
836.4856761992065 240.20006261567505
836.8452223517668 260.79844790033917
853.8061842748949 210.20006261567437
853.8061842748949 230.20006261567434
853.8061842748949 250.20006261567434
695.9195613916969 895.824262566897
697.0597295798864 874.0685575210468
700.0777952080521 915.3872145815732
702.3223135604413 949.8850078827961
711.261653277467 931.967966032674
713.2400694673853 885.8242625668963
714.3802376555748 864.0685575210462
717.3983032837405 905.3872145815725
722.2949042555327 948.8382887579363
728.5821613531554 921.9679660326733
730.5605775430737 875.8242625668956
734.7188113594289 895.3872145815718
739.6154123312211 938.8382887579356
745.9026694288438 911.9679660326726
747.8810856187621 865.824262566895
752.0393194351172 885.3872145815711
756.3888236901296 949.7310694582362
756.9359204069095 928.838288757935
763.2231775045321 901.9679660326719
766.9022159446646 872.0046024543934
773.709331765818 939.7310694582355
774.2564284825979 918.8382887579343
692.5796390686407 804.8195067735951
697.8638466812882 778.8467965726486
697.997196769795 852.5970287940253
698.3567429223549 831.9986435093605
709.5406009917692 815.4178920582592
709.9001471443291 794.8195067735944
715.3177048454834 842.5970287940246
726.5015629148977 826.0162773429233
726.8611090674576 805.4178920582585
728.6042239224101 785.4939980964235
731.7007457312632 854.0685575210455
742.8846038006775 837.4878060699442
743.8220709905861 816.0162773429226
745.5651858455386 796.0923833810876
756.7345652168045 779.4988968617547
759.0649436881764 849.2435111157937
760.2051118763659 827.4878060699435
761.9482267313184 807.5639121081085
773.1176061025843 790.9704255887756
776.3854517638648 839.243511115793
772.8600084604062 700.0005362883396
752.8600084604062 700.0005362883398
750.0765464412049 719.8058976631712
750.0765464412049 739.8058976631712
732.9332004271627 750.1066591613724
712.9332004271627 750.1066591613726
692.9332004271627 750.1066591613728
715.8397276072712 770.0793736368663
739.773603293676 768.9005115770906
756.9169493077179 758.5997500788889
767.3970545168933 729.8058976631705
773.8779112308464 769.198135363553
774.2374573834063 748.5997500788882
700.2201586390479 535.7152634076463
700.2201586390479 555.7152634076463
700.2201586390479 575.7152634076463
700.2201586390479 595.7152634076463
717.5406667147363 525.7152634076456
717.5406667147363 545.7152634076456
717.5406667147363 565.7152634076456
717.5406667147363 585.7152634076456
731.6828023384672 599.8573990313765
734.8611747904247 535.7152634076449
734.8611747904247 555.7152634076449
734.8611747904247 575.7152634076449
749.0033104141556 589.8573990313758
751.8221367135528 525.1168781229801
752.1816828661131 545.7152634076442
752.1816828661131 565.7152634076442
766.323818489844 579.8573990313752
766.323818489844 599.8573990313752
769.1426447892412 535.1168781229794
769.5021909418015 555.7152634076435
700.2201586390479 515.7152634076463
704.4575603708284 465.8488338607845
704.8678910556629 489.35666305084703
707.3169937577314 446.03012797645505
717.181120562176 505.11687812298146
720.8406012566082 477.32036258780545
723.7000346435112 457.501656703476
724.6375018334198 436.03012797645437
733.1538307631214 493.0805776599399
734.5016286378644 515.1168781229808
739.4602497156457 469.81488620998914
741.0205427191996 447.5016567034753
750.4743388388098 503.0805776599392
754.2905187463401 483.4480339909858
756.780757791334 459.81488620998846
758.341050794888 437.5016567034746
767.7948469144982 513.0805776599385
771.6110268220285 473.4480339909851
771.6110268220285 493.4480339909851
774.1012658670224 449.8148862099878
707.3169937577314 386.03012797645505
707.3169937577314 406.03012797645505
707.3169937577314 426.03012797645505
708.7121232326134 366.07884697125854
720.1836519596337 349.6958060854783
724.6375018334198 396.03012797645437
724.6375018334198 416.03012797645437
726.0326313083018 376.07884697125786
737.5041600353221 359.6958060854776
741.9580099091082 406.0301279764537
741.9580099091082 426.0301279764537
743.3531393839902 386.0788469712572
754.8246681110105 369.69580608547693
759.2785179847966 416.030127976453
760.6736474596786 396.0788469712565
764.5208605159366 352.20341194268866
772.1451761866989 379.69580608547625
775.6615588705764 427.50165670347394
777.2543989107794 407.26270504067145
695.2388282131831 312.2034119426914
698.9743393121572 281.49130053271585
702.8631438839453 339.695806085479
709.865902245566 298.5634447414409
711.5607471331534 265.94838130357596
712.5593362888715 322.2034119426907
722.4523100665622 283.020525512301
727.1864103212544 308.5634447414402
729.8798443645599 332.20341194269
734.7655395730748 267.2603104401661
739.7728181422506 293.0205255123003
744.5069183969428 318.5634447414395
747.2003524402483 342.20341194268934
752.0860476487632 277.2603104401654
757.093326217939 303.0205255122996
761.8274264726311 328.56344474143884
769.4065557244516 287.26031044016474
774.4138342936274 313.02052551229895
699.2475176266403 250.18816623144156
723.873976639666 250.18816623144107
745.0663010712752 250.1169644261235
750.242681973325 230.79844790034198
750.2426819733245 210.79844790034198
762.3868091469636 260.1169644261228
767.2036438964526 200.2000626156772
767.5631900490132 220.79844790034198
767.5631900490132 240.79844790034198
606.3822417186387 880.7455192279807
609.6185224052778 927.6559549463991
610.1964434426269 949.7258689580848
611.5874985959183 907.5242444001442
623.3432036417672 891.3439045126448
626.5794843284062 938.2543402310632
628.5484605190468 918.1226296848083
629.0747106196013 871.9986435093632
640.3041655648957 901.942289797309
642.962525214186 949.7258689580841
644.9315014048266 929.5941584118292
646.0356725427298 882.5970287940273
656.6872064506755 913.4138185243298
661.2334343670377 941.5911360965673
662.4187134285096 894.0685575210482
663.3561806184182 872.5970287940266
672.8675463381744 925.1695235701793
678.5990533160085 905.8242625668977
679.5043435198897 949.7258689580833
679.739221504198 884.0685575210475
691.1384554910264 933.3042564316953
612.1137486964728 861.4002582246991
617.3979563091203 795.4275480237526
617.3979563091203 815.4275480237526
617.3979563091203 835.4275480237526
629.4342567721612 851.4002582246984
634.7184643848087 785.4275480237519
634.7184643848087 805.4275480237519
634.7184643848087 825.4275480237519
646.3952186952897 861.9986435093625
646.7547648478496 841.4002582246977
652.0389724604971 795.4275480237512
652.0389724604971 815.4275480237512
663.2228305299114 778.84679657265
663.7157267709781 851.9986435093618
664.075272923538 831.400258224697
669.3594805361855 805.4275480237505
680.5433386055998 788.8467965726493
680.6766886941066 862.597028794026
681.0362348466665 841.9986435093612
681.3957809992264 821.4002582246964
672.9332004271627 750.106659161373
652.9332004271627 750.1066591613733
632.9332004271627 750.1066591613735
612.9332004271627 750.1066591613737
617.3979563091203 775.4275480237526
645.902322454223 768.8467965726506
650.1497384079609 730.3012977865419
650.1497384079603 710.3012977865419
667.4702464836473 700.3012977865419
667.4702464836473 720.3012977865419
680.5433386055998 768.8467965726493
683.2304615557817 732.6145272930551
684.7907545593357 710.3012977865412
650.1497384079597 690.3012977865419
650.1497384079591 670.3012977865419
650.1497384079586 650.3012977865419
667.4702464836473 660.3012977865419
667.4702464836473 680.3012977865419
684.6135924976892 650.0005362883402
684.7907545593357 670.3012977865412
684.7907545593357 690.3012977865412
618.6248968297812 579.9550483355146
618.6248968297812 599.9550483355146
619.5623640196898 538.483519608493
619.5623640196898 558.483519608493
635.9454049054696 569.9550483355139
635.9454049054696 589.9550483355139
636.8828720953782 528.4835196084923
636.8828720953782 548.4835196084923
619.2028178671295 437.8851343238288
619.5623640196898 458.48351960849294
619.5623640196898 478.48351960849294
619.5623640196898 498.48351960849294
619.5623640196898 518.483519608493
636.5233259428179 447.88513432382814
636.8828720953782 468.48351960849226
636.8828720953782 488.48351960849226
636.8828720953782 508.48351960849226
652.4960361437633 435.84883386078656
653.8438340185063 457.88513432382746
654.2033801710666 478.4835196084916
654.2033801710666 498.4835196084916
669.8165442194517 445.8488338607859
671.1643420941947 467.8851343238268
671.523888246755 488.4835196084909
687.13705229514 455.8488338607852
687.9069291325347 499.95504833551183
688.4848501698831 477.8851343238261
689.996485682043 436.03012797645573
611.0182609743628 358.53773383367053
617.8550199923865 415.8488338607879
620.7144533792895 376.03012797645846
620.7144533792895 396.03012797645846
628.3387690500512 348.53773383366985
635.1755280680749 425.84883386078724
638.0349614549779 366.0301279764578
638.0349614549779 386.0301279764578
638.0349614549779 406.0301279764578
655.3554695306663 356.0301279764571
655.3554695306663 376.0301279764571
655.3554695306663 396.0301279764571
655.3554695306663 416.0301279764571
672.6759776063546 366.0301279764564
672.6759776063546 386.0301279764564
672.6759776063546 406.0301279764564
672.6759776063546 426.0301279764564
689.996485682043 376.03012797645573
689.996485682043 396.03012797645573
689.996485682043 416.03012797645573
691.391615156925 356.0788469712592
613.3504342873592 268.4758474993191
616.025539543538 332.7775187615354
620.7596397982296 307.2345995323953
621.8027995221732 286.6020032400521
633.2743282491936 270.21896235427187
633.3460476192264 322.77751876153474
638.4185916554078 297.84516827667676
645.6592771257395 338.53773383366917
649.8550797002944 281.4028204236868
651.0049994764046 313.3880875058162
659.4476279522644 263.82813343269254
662.4414875212912 296.94573965282626
663.3182289829177 329.14830257795063
672.0340357732612 279.371052661832
674.0711070812366 346.0788469712599
674.7547170278043 312.7059547249607
684.3472652797743 295.1312677339664
685.5426358082569 329.69580608547966
686.6611098056441 265.7310854605814
624.8966599580463 251.93128108639664
644.820553919881 250.18816623144258
674.0747019846473 250.188166231442
525.3916338269852 939.127483673422
528.2934816136018 914.065526234804
529.6127990552785 868.3102502011272
530.5502662451879 889.7817789281488
542.3525957501133 928.5290983887572
542.3525957501137 949.7258689580862
545.2544435367299 903.4671409501392
546.9333071309673 878.3102502011272
559.3135576732415 917.9307131040924
559.3135576732418 939.1274836734214
561.6374844225093 891.9956122231176
565.0594628716999 869.8578849663126
575.6965985590208 906.4591843770709
576.2745195963699 928.5290983887566
576.2745195963703 949.7258689580855
579.7636401632419 883.5432469883029
591.5193452090908 867.3629071008036
592.6575604821493 917.057569661735
593.2354815194984 939.1274836734207
594.6265366727898 896.9258591154801
600.0774482334319 785.4275480237533
600.0774482334319 805.4275480237533
600.0774482334319 825.4275480237533
600.0774482334319 845.4275480237533
580.6715337079121 850.2659859357468
560.6715337079121 850.265985935747
540.6715337079121 850.2659859357473
520.6715337079121 850.2659859357475
600.0774482334319 765.4275480237533
550.2803317169362 538.4835196084957
550.2803317169362 558.4835196084957
550.2803317169362 578.4835196084957
550.2803317169362 598.4835196084957
567.6008397926246 528.483519608495
567.6008397926246 548.483519608495
567.6008397926246 568.483519608495
567.6008397926246 588.483519608495
583.9838806784044 599.9550483355159
584.921347868313 538.4835196084944
584.921347868313 558.4835196084944
584.921347868313 578.4835196084944
601.3043887540928 589.9550483355152
602.2418559440014 528.4835196084937
602.2418559440014 548.4835196084937
602.2418559440014 568.4835196084937
550.2803317169362 438.48351960849567
550.2803317169362 458.48351960849567
550.2803317169362 478.48351960849567
550.2803317169362 498.48351960849567
550.2803317169362 518.4835196084957
567.6008397926246 448.483519608495
567.6008397926246 468.483519608495
567.6008397926246 488.483519608495
567.6008397926246 508.483519608495
584.921347868313 438.4835196084943
584.921347868313 458.4835196084943
584.921347868313 478.4835196084943
584.921347868313 498.4835196084943
584.921347868313 518.4835196084944
602.2418559440014 448.4835196084936
602.2418559440014 468.4835196084936
602.2418559440014 488.4835196084936
602.2418559440014 508.4835196084936
530.4749703421048 384.17962744502546
534.8495244442361 358.0383229312212
542.788199848618 399.9398425171599
547.4359322652329 373.58124216036066
550.2803317169362 418.48351960849567
559.749161771746 389.3414572324951
563.4086424661782 361.5449416973191
567.2412936400642 407.88513432383087
567.6008397926246 428.483519608495
575.7218719726914 377.3051567694535
581.3845233921612 352.7775187615368
583.2140038410096 395.8488338607893
584.5618017157527 417.8851343238302
593.6977528986744 368.5377338336712
600.5345119166981 405.8488338607886
601.8823097914411 427.8851343238295
603.3939453036011 386.03012797645914
523.3159894489306 273.6048872862176
525.9098277193489 316.94508874983137
533.6788886311392 335.70126096997853
535.3522899119715 289.5775974871635
540.6364975246155 263.6048872862176
543.7299582031159 307.8652787550397
550.8222346451814 346.00202246817963
552.1823234379299 325.9914344957727
552.6727979876564 279.5775974871635
561.0504662788043 297.865278755039
568.7981155711644 337.23459953239734
569.5028315136183 315.991434495772
569.9933060633448 269.57759748716273
578.3709743544927 287.86527875503833
586.1186236468528 327.23459953239666
586.8233395893067 305.99143449577133
595.691482430181 277.86527875503765
598.7050314678496 342.7775187615361
603.4391317225412 317.234599532396
604.1438476649951 295.99143449577065
529.1649687975946 247.22184640043776
534.7297718274335 181.04150651293807
534.7297718274335 201.04150651293807
534.7297718274335 221.04150651293807
546.485476873283 237.22184640043702
552.0502799031219 191.04150651293736
552.0502799031219 211.04150651293736
557.9570056003039 253.60488728621687
563.8059849489714 227.2218464004363
569.3707879788103 181.04150651293665
569.3707879788103 201.04150651293665
575.2775136759923 243.60488728621615
581.1264930246598 217.2218464004356
586.6912960544987 191.04150651293594
587.3138141390332 259.577597487162
592.5980217516807 233.60488728621544
598.4470011003482 207.22184640043488
604.9727659962114 250.18816623144346
534.1826751106531 100.14872581263757
534.7297718274335 121.04150651293808
534.7297718274335 141.04150651293807
534.7297718274335 161.04150651293807
551.5031831863415 110.14872581263688
552.0502799031219 131.04150651293736
552.0502799031219 151.04150651293736
552.0502799031219 171.04150651293736
568.8236912620299 100.14872581263619
568.8236912620299 120.14872581263614
569.3707879788103 141.04150651293665
569.3707879788103 161.04150651293665
586.1441993377183 110.14872581263545
586.1441993377183 130.14872581263543
586.6912960544987 151.04150651293594
586.6912960544987 171.04150651293594
434.8980999551396 919.8133556798732
434.89809995513957 939.8133556798732
440.24490034414686 900.5113456139244
444.66681817186543 880.9785494974784
452.2186080308279 929.8133556798725
452.21860803082785 949.8133556798725
457.56540841983565 910.5113456139244
461.6277800949935 870.3801642128136
461.9873262475542 890.9785494974784
469.5391161065162 939.8133556798718
474.88591649552444 920.5113456139244
478.9482881706823 880.3801642128136
479.307834323243 900.9785494974784
486.859624182205 949.8133556798718
492.20642457121323 930.5113456139244
495.9092500938104 869.7817789281488
496.2687962463711 890.3801642128136
496.6283423989318 910.9785494974784
506.2655387077247 944.9749177678776
511.3325196904737 924.6639115194688
513.2297581694992 879.7817789281488
513.5893043220599 900.3801642128136
500.6715337079121 850.2659859357477
480.6715337079121 850.265985935748
460.6715337079121 850.2659859357482
440.6715337079121 850.2659859357484
434.4164050137607 831.1618127329216
434.96350173054054 810.2690320326203
434.96350173054 790.2690320326203
451.736913089449 821.1618127329209
452.2840098062276 780.2690320326203
452.2840098062275 800.2690320326203
468.6978750125775 831.760198017585
469.057421165136 811.1618127329209
469.60451788191585 790.2690320326196
486.01838308826456 821.760198017585
486.3779292408243 801.1618127329202
486.92502595760345 780.2690320326196
434.9635017305394 770.2690320326203
434.96350173053884 750.2690320326203
452.28400980622763 760.2690320326203
469.6045178819153 770.2690320326196
469.6045178819147 750.2690320326196
486.9250259576035 760.2690320326196
434.6828192308679 474.1450004520047
446.99604873738105 489.9052155241391
448.2826794553715 438.78199630810735
449.7770108353228 461.023819872194
437.11000671261394 395.61124518438766
443.39547872741156 362.9860683567769
444.60213858093215 414.15492227572344
451.210101297197 381.39616542582576
458.7022331655152 399.93984251716154
460.53882474145337 352.68530685857513
468.3534473112388 371.0954039276239
475.84557917955703 389.6390810189597
480.939855132235 355.552484698484
488.4319870005532 374.0961617898198
492.9889251935993 399.9398425171608
500.7452165070658 358.3359467176849
505.57533301459546 384.3969232880209
517.888562521108 368.636708215886
518.1617408355922 399.93984251716034
436.78896000399936 320.15781994343956
437.6196627791461 288.4345608268007
448.5025242784124 336.71259665762926
448.8035208485604 271.8538093756995
449.3753678249955 304.61490071429967
460.55922589440985 288.03414926319846
461.08893209940857 321.16967742848936
466.29591499134796 262.15761697077204
472.03075462143073 304.4171901489783
473.1252325624495 337.14238762943523
478.0516200371974 278.337956858271
484.0670550844717 320.3899003499242
489.52314876421826 294.72099774405086
492.9761555952754 339.57977449753776
494.02433023814274 266.30165639522943
501.5594492272592 310.69370794499673
505.4958589651636 282.6846972810093
509.93711751840345 328.98138921287295
517.5321594282045 298.65740748195515
517.7061784301939 347.7375614330201
450.3232047904021 250.12131650773108
482.26862519229337 250.12131650773046
500.0887556760604 241.04150651293878
500.0887556760598 221.04150651293878
500.08875567605924 201.04150651293878
500.08875567605867 181.04150651293878
511.84446072190974 257.22184640043776
517.4092637517451 191.04150651293878
517.4092637517451 211.04150651293878
517.4092637517451 231.04150651293878
500.0887556760581 161.04150651293878
500.08875567605753 141.04150651293878
500.08875567605696 121.04150651293878
500.0887556760564 101.04150651293878
517.4092637517451 111.04150651293878
517.4092637517451 131.04150651293878
517.4092637517451 151.04150651293878
517.4092637517451 171.04150651293878
350.07314842324797 867.2269478588778
350.0731484232479 887.2269478588778
350.07314842324786 907.2269478588778
350.0731484232478 927.2269478588778
350.07314842324774 947.2269478588778
367.39365649893614 917.2269478588771
367.39365649893557 897.2269478588771
367.393656498935 877.2269478588771
367.3936564989361 937.2269478588771
382.93657572807547 949.8133556798739
384.7141645746238 887.2269478588771
384.71416457462374 907.2269478588771
384.7141645746237 927.2269478588771
390.0609649636299 867.9249377929276
400.25708380376307 939.8133556798739
402.034672650312 917.2269478588764
402.03467265031145 897.2269478588764
407.3814730393187 877.9249377929276
417.5775918794514 929.8133556798732
417.57759187945135 949.8133556798732
419.35518072600024 907.2269478588764
424.70198111500747 887.9249377929276
429.12389894272604 868.3921416764816
420.6715337079121 850.2659859357486
400.6715337079121 850.2659859357489
380.6715337079121 850.2659859357491
360.6715337079121 850.2659859357493
400.32248557916586 830.269032032621
400.3224855791653 810.269032032621
400.3224855791647 790.269032032621
417.6429936548523 780.269032032621
417.64299365485226 800.269032032621
417.6429936548522 820.269032032621
400.32248557916415 770.269032032621
400.3224855791636 750.269032032621
417.6429936548524 760.269032032621
359.3781689755204 442.86797666430624
378.17202139123856 449.7083795308196
392.54967121117323 435.6013233606696
400.04180307949144 454.1450004520054
400.0418030794914 474.1450004520054
400.04180307949133 494.1450004520054
415.13599468394636 441.0238198721947
417.36231115517967 484.1450004520047
417.3623111551791 464.1450004520047
429.6755406616928 499.9052155241391
432.456502759634 451.023819872194
364.0748099395799 350.64438571241084
353.4764246549158 367.6053476355394
360.6051123992115 411.9513988525217
362.8658559106326 385.2642994927169
372.760781102697 428.0050801547579
373.4642411952961 368.303337569588
376.5778226001569 399.91509838948014
387.17620788482037 382.95413646635126
388.7334913036424 415.9687796917163
391.8743382643446 360.48871499980174
399.21250834786133 398.9268466672971
405.5863049538689 375.139513896565
407.64386281562815 422.4801427808589
414.03867018868226 357.0133581558317
417.62260541690983 391.1122240975109
423.4700395113645 410.2383192167716
426.0749706517232 372.9860683567776
430.96217137968273 428.78199630810735
364.60168913552656 275.03320548081666
374.29788154045326 292.5255996236046
374.6469296691989 312.5225535267324
366.51219680768287 330.7934626795844
381.8719582094899 264.7525930451857
382.4849070086284 342.8297631426246
390.61963987014377 324.5588539897723
391.5681506144166 282.2449871879736
391.91719874316226 302.2419410911014
402.3753449159932 340.73919387727125
404.15455843541275 266.7020679588337
407.88990894410813 314.27824155414237
409.06054475720407 291.94117959289963
419.64561398995755 330.45858144164134
421.6469525782002 276.39826036375973
425.03325495814994 303.9774800559406
431.3591782643706 347.01335815583104
350.23057510003883 184.62720106271604
354.90549673059985 257.54081133802873
358.6829403348528 202.75335680344904
362.4795733996365 229.76780475960985
372.1757658045632 247.26019890239778
375.06598122063264 214.22488553046998
376.00344841053914 192.75335680344904
384.76217362555934 231.7172796732579
392.386489296319 204.22488553046998
393.3239564862275 182.75335680344833
394.45836603048605 249.2096738160458
415.3384165048271 250.12131650773247
432.83081064761456 259.8175089126585
350.23057510003827 164.62720106271604
350.2305751000377 144.62720106271604
350.23057510003713 124.62720106271604
350.23057510003656 104.62720106271604
367.55108317572535 114.62720106271604
367.5510831757253 134.62720106271604
367.55108317572524 154.62720106271604
367.5510831757252 174.62720106271604
381.1910503769748 100.00012703033212
384.8715912514135 164.62720106271533
384.87159125141295 144.62720106271533
384.8715912514124 124.62720106271533
398.5115584526618 110.00012703033141
269.28203230275034 869.9999999999973
269.2820323027503 889.9999999999973
269.63108043149595 909.9969539031251
269.6310804314959 929.9969539031251
269.63108043149583 949.9969539031251
286.6025403784386 879.9999999999966
286.95158850718417 939.9969539031244
286.9515885071836 919.9969539031244
286.95158850718303 899.9969539031244
266.5406340291215 799.8928592100509
282.3008491012555 787.5796297035372
298.0610641733899 799.8928592100503
269.2820323027504 849.9999999999973
286.6025403784387 859.9999999999966
266.58400776377516 746.9798454702075
267.3559105445957 705.3841593815979
267.35591054459564 725.3841593815979
270.26454863821454 771.6069195025914
283.90451583946356 736.9798454702068
283.9045158394635 756.9798454702068
284.6764186202827 695.3841593815979
284.6764186202826 715.3841593815979
295.94081630250446 772.9525556711526
267.35591054459576 685.3841593815979
267.3559105445952 665.3841593815979
267.3559105445946 645.3841593815979
267.35591054459405 625.3841593815979
284.67641862028285 635.3841593815979
284.6764186202828 655.3841593815979
284.67641862028273 675.3841593815979
293.7549683333817 617.2509297002714
300.1175449718463 529.6915824924788
300.11754497184626 549.6915824924788
300.1175449718462 569.6915824924788
300.11754497184614 589.6915824924788
283.15658304871766 600.2899677771429
263.15658304871766 600.2899677771431
317.2608909858884 599.9923439906798
317.4380530475345 579.6915824924781
317.4380530475339 559.6915824924781
334.58139906157675 589.9923439906792
262.56268006069314 439.0611541515665
271.95211131641094 456.720106008745
281.64830372133764 474.21250015153294
282.5504966010744 439.75914408561613
291.03773497705544 491.87145200871146
292.24668900600113 457.25153822840406
300.11754497184637 509.6915824924788
302.5474505042016 440.10819221436145
320.03984464698954 449.8043846192882
339.8907676798159 447.3669977511844
337.50371445396996 379.6416480985804
324.1211023267928 394.5045446081283
304.8025858010115 399.68092551017884
285.0488189891088 402.80961481098365
265.051865085981 403.15866293972954
272.8634415588936 421.9178081375239
292.8512580992749 422.6157980715735
312.41421011395084 418.45756425521745
327.7350989763304 431.3133164489482
333.5105335825106 412.1634964653068
346.89314570968725 397.30059995575846
347.2225002720349 426.8142953620701
270.07342645371506 216.91459381375074
280.966207154015 200.14118245484187
290.66239955894173 217.6335765976298
300.9631610571422 200.4902305835872
309.0724966279905 225.44819916741528
319.373258126191 208.30485315337268
328.8262634398933 228.5768884682199
337.6441672790427 200.1701202918559
345.20930432567314 240.04841719524083
346.09653251385663 218.2962760325889
199.99999999999997 870.0
199.99999999999994 890.0
199.99999999999991 910.0
199.9999999999999 930.0
200.34904812874552 949.9969539031279
217.32050807568825 919.9999999999993
217.32050807568768 899.9999999999993
217.32050807568712 879.9999999999993
217.6695562044339 939.9969539031272
234.64101615137488 869.9999999999986
234.64101615137486 889.9999999999986
234.64101615137483 909.9999999999986
234.99006428012046 929.9969539031265
234.99006428012044 949.9969539031265
251.9615242270632 899.999999999998
251.96152422706263 879.999999999998
252.3105723558088 939.9969539031258
252.31057235580823 919.9969539031258
200.01239438187758 781.4827621410033
207.82701695166304 799.892859210052
225.1475250273514 789.8928592100514
242.46803310304017 799.8928592100514
254.50433356608056 783.9201490091051
200 850
217.32050807568655 859.9999999999993
234.6410161513749 849.9999999999986
251.96152422706206 859.999999999998
250.03540246890742 695.3841593815986
250.0354024689074 715.3841593815986
250.03540246890736 735.3841593815986
236.3954352676574 750.011233413982
216.3954352676574 750.0112334139823
200.0123943818776 761.4827621410033
217.33290245756595 771.4827621410026
237.1838254903918 773.9201490091051
252.94404056252574 761.6069195025914
250.03540246890753 615.3841593815986
250.0354024689075 635.3841593815986
250.03540246890748 655.3841593815986
250.03540246890745 675.3841593815986
184.6410161513761 649.9999999999986
184.64101615137608 669.9999999999986
184.64101615137605 689.9999999999986
245.05186508598098 403.15866293972977
252.86648765576643 421.56876000877855
184.2128879229295 295.7263065709841
194.811273207593 278.7653446478552
176.62784242668522 209.1606425819719
185.11508080266626 261.2729505050673
186.32403483161195 226.65303672475983
187.2262277113487 192.19968065884302
195.71346608732975 244.31198858193838
196.92242011627545 209.69207480163095
206.31185137199324 227.3510266588095
214.5813719734536 200.30264354591242
219.16760356572402 242.67191552118908
223.9708032291714 217.96159540309097
234.5691885138349 201.00063347996206
236.82655542290217 233.28248426547054
247.42494070756567 216.32152234234164
259.1806457534145 200.14118245484227
177.83679645563092 174.5407288016645
178.39569265097393 138.16081104120522
179.00939910699364 103.17612907907034
188.09188505590063 155.65320518399315
188.69645414917443 121.01746502716261
197.78807746082734 173.14559932678108
198.39264655410113 138.50985916995054
198.99721564737493 103.87411901312001
179.6139682002674 68.54038892223981
189.31016060519414 86.03278306502773
189.9147296984679 51.39704290819721
199.61092210339464 68.88943705098512
95.57380161138241 878.0549773320494
98.10358435294522 929.7804308276068
98.10358435294519 949.7804308276068
104.12688675128803 899.7559722300522
114.97971613690234 882.8934152440427
125.57810142156643 899.8543771671712
125.66519648434053 865.8103150183597
136.17648670622992 882.8934152440422
146.774871990894 899.8543771671707
100.08425588457627 813.1181344829373
100.08425588457624 833.1181344829373
102.3105723558092 789.9969539031265
106.2592819588206 860.9718771063664
116.8576672434841 844.0109151832374
117.4047639602646 823.1181344829366
117.40476396026403 803.1181344829366
119.6310804314974 779.9969539031265
134.17817531917245 834.0109151832368
134.7252720359524 793.118134482936
134.72527203595237 813.118134482936
140.9860853467196 852.9545628246283
167.32050807568828 699.9999999999993
102.31057235580863 769.9969539031265
102.65962048455373 749.9999999999986
119.98012856024249 759.9999999999986
137.12347457428473 770.3007614981997
137.30063663593086 749.999999999998
150 650
149.99999999999997 670.0
149.99999999999994 690.0
167.3205080756883 679.9999999999993
167.32050807568774 659.9999999999993
174.51669551800276 278.23391242819616
126.64925579178698 190.4388262854753
136.3454481967137 207.93122042826323
146.04164060164044 225.42361457105116
146.94383348137723 190.97025850513432
155.43107185735823 243.0825664282297
156.64002588630393 208.46265264792225
165.12726426228497 260.57496057101764
166.02945714202173 226.1216045051008
167.23841117096742 191.50169072479338
175.72564954694846 243.61399864788874
98.17420087542467 137.62852842833027
99.07639375516146 103.17517236241345
107.56363213114247 155.28748028550882
108.77258616008818 120.66756650520138
117.25982453606919 172.77987442829675
118.16201741580598 138.32651836237994
119.07334765828867 103.52422049115877
127.8582098207327 155.81891250516787
128.76040270046948 121.36555643925105
137.2476410764505 173.4778643623464
138.45659510539622 138.85795058203897
139.06116419866999 104.22221042520844
147.846026361114 156.51690243921752
148.75735660359672 121.71460456799636
157.54221876604072 174.00929658200545
158.4444116457775 139.55594051608864
159.0124452038664 102.82708095032503
168.1406040507042 157.04833465887657
168.70863760879314 120.31947509311294
99.68096284843523 68.53943220558291
109.37715525336195 86.03182634837084
109.98172434663572 51.396086191540306
119.67791675156244 68.88848033432824
129.37410915648917 86.38087447711617
129.93300535183215 50.00095671665689
139.62919775675886 67.49335085944482
149.3253901616856 84.98574500223275
149.92995925495936 50.35000484540221
159.6261516598861 67.84239898819014
169.3132067020669 85.68373493628242
169.9269131580866 50.699052974147534
50.07995607439219 874.9175343180596
50.07995607439216 894.9175343180596
50.07995607439212 914.9175343180596
50.079956074392086 934.9175343180596
63.46256820156924 949.7804308276075
67.40046415008045 924.9175343180589
67.40046415007988 904.9175343180589
67.40046415007932 884.9175343180589
78.25329353569364 868.0549773320494
80.7830762772576 939.7804308276068
84.7209722257681 894.9175343180589
84.72097222576807 914.9175343180589
50.34904812874553 779.9969539031279
50.349048128745494 799.9969539031279
67.66955620443386 789.9969539031272
84.99006428012086 779.9969539031272
84.99006428012083 799.9969539031272
89.48587059991212 850.0790964060658
69.48587059991212 850.079096406066
50.07995607439223 854.9175343180596
50 700
50.349048128745636 719.9969539031279
50.3490481287456 739.9969539031279
50.349048128745565 759.9969539031279
67.49239414278748 709.6961924049261
67.66955620443329 769.9969539031272
67.66955620443272 749.9969539031272
67.66955620443215 729.9969539031272
84.812902218474 719.6961924049255
84.99006428012092 739.9969539031272
84.99006428012089 759.9969539031272
88.285865771812 700.0000373446812
78.78181606557123 102.64374014275441
88.47800847049795 120.13613428554234
50 50
59.69619240492672 67.49239414278793
69.39238480985344 84.98478828557586
69.9969539031272 50.34904812874532
79.69314630805393 67.84144227153325
89.38020135023474 85.68277821962552
89.99390780625441 50.69809625749065
