244 50

325.2350462840098 55.266291596407584
285.98445165970975 33.73498753354998
287.81627183447665 6.908089953765448
295.189500194234 29.82767624865686
297.7614907881594 7.953374586441983
301.0673527171587 37.917846192406344
307.5051914360117 10.202885129880633
308.72779714834826 31.489970095540656
310.0552931801504 42.30155766029712
316.64064601243774 14.270251560638636
317.93284568287265 35.3972813804334
318.0416482806233 48.31970789181761
327.63580294563263 37.816500336430074
214.2153127375867 59.737917752382856
212.47883096091735 69.58599528250494
209.38866101716786 79.09656044545648
208.16996758311637 89.0220219618697
198.16996758311637 89.02202196186981
198.58678557247612 105.06251501811852
206.4668931085431 98.90590026486163
206.67695551622558 110.94036754104326
214.94737407010737 104.20509290719369
215.0636611956798 116.38675789119353
216.65044854468064 94.32121460420174
220.71781497543833 85.1857600277756
221.8757571687763 66.16579384924785
223.97372643756347 120.926662888589
224.3443002779663 100.7848914739366
224.46388090959715 75.91392148210761
224.63213072694597 56.553176889864574
228.3782594066281 91.613636124641
228.4116667087243 109.92034605036261
231.28726345375517 127.74664648921399
234.44840256142263 58.46126684363002
234.97225699862938 117.46744185259034
239.4787838966451 133.48241085272446
242.8523645346966 123.62405660584693
249.26025990398307 131.40329394454642
258.7154456599761 128.14761239997446
268.1706314159693 131.40329394454602
277.2337092863356 127.17711132713865
278 5
268.0973193125843 6.391731009600745
258.534271752954 9.315448056828183
249.398817176528 13.38281448758624
241.1084414509776 18.974743522293743
233.5613456487499 25.535333812198836
226.61476194415994 32.72873181558536
220.87899758064947 40.92025225847528
216.9716862957567 50.125300792999674
229.63213072694566 47.892922852020014
234.38622155872963 39.02193572608374
239.4484025614223 49.80101280578546
242.95789456575054 33.87155497698285
246.86520585064326 43.07660351150726
252.6608518285104 31.452336020985747
256.5681631134031 40.657384555510156
262.56353251592606 30.06060501138465
270.3349921304958 36.35380892188303
277.1549757311205 29.04027190569107
188.16996758311637 89.02202196186992
179.68948662155202 83.72282931953802
175.6221201907938 74.58737474311211
172.86574663262357 64.97475778372899
169.61006508805175 55.519572027735904
182.5687038953835 67.39397673972533
186.6360703261415 76.52943131615135
190.92634114128634 98.63463892125311

244 50

341.5718849533803 55.81288355645224
333.75726238359476 74.22298062550104
332.3621329087122 94.17426163069752
318.9795207815351 109.03715814024542
302.0185588584066 119.6355434249096
286.25834378627223 131.9487729314228
304.38449952700523 140.4011381662368
323.79041405252497 135.5627002542426
341.2828081953125 125.86650784931514
355.42494381904294 111.72437222558366
360.2434934833243 62.98024254735825
362.9170756873606 93.18069513424767
326 20
337.7557050458494 36.18033988749896
257 138
