-9 2

-2 -82
-3.5643446504023277 -72.12311659404862
-4.783038084453821 -62.1976550776354
-6.174769094054494 -52.29497439021971
-7.393462528105988 -42.369512873806485
-8.785193537706661 -32.46683218639079
-10.003886971758154 -22.54137066997757
-20.003886971758156 -22.541370669977464
-29.40081317961729 -25.961572103234012
-34.0955288074764 -34.79104803182317
-38.79024443533551 -43.620523960412335
-43.33014943273118 -52.53058920229591
-48.024865060590294 -61.36006513088507
-52.719580688449405 -70.18954105947424
-22.592077422783383 -12.882112407086787
-32.20469438216655 -10.125738848916722
-42.20469438216655 -10.125738848916614
-52.20469438216655 -10.125738848916505
-61.34014895859262 -14.193105279674366
-70.40322682895919 -18.41928789708122
-79.46630469932576 -22.64547051448807
-88.4542451623175 -27.029181982378702
-31.855699415141558 -0.13183057872576498
-31.15813467770032 9.843809923872477
-40.66869984065183 12.933979867622021
-50.17926500360335 16.024149811371565
-59.74231256323368 18.947866858599003
-69.25287772618519 22.038036802348547
-78.81592528581552 24.961753849575985
-88.32649044876703 28.05192379332553
-33.237251585877935 19.62528593121053
-23.726686422926534 16.53511598746065
-22.79262154477506 4.094352038681231
-17.346231194625084 -4.2923536407732
-16.295238168152594 23.226422051049237
-22.173090691077324 31.316591994798713
-28.050943214002054 39.406761938548186
-33.92879573692679 47.49693188229766
-39.94694596844727 55.48328698277059
-45.82479849137199 63.573456926520066
-51.70265101429672 71.66362687026954
-15.436310697376339 10.943186952752852
-12.247629174664104 32.53528542885019
-11.911976925523621 -12.725098835500935
-10.032694178433381 2.5276299598517893
-8.004862442602398 17.634493016341438
-4.59843990933192 -5.905115234875946
-2.601245923659442 9.218936023440376
-2.4567911695305913 -15.980780380072904
-0.7988384372339148 -26.448681954870693
0.0853075011470743 23.51234553926617
0.08530750114705715 33.51234553926617
0.08530750114704 43.51234553926617
0.08530750114702285 53.51234553926617
0.0853075011470057 63.51234553926617
0.08530750114698854 73.51234553926616
0.08530750114697139 83.51234553926616
2.8330083454420194 0.7861908287126411
4.85674584666111 -9.160796779447915
5.488924020090031 15.096788546365111
6.748257364993648 -19.888091664966026
8.74556153899124 28.51234553926582
9.336447816018552 -29.547349927856793
10.923178289191492 6.664043351637376
12.946915790410582 -3.282944256523181
14.149178057934417 20.09678854636511
14.295353167221364 -13.32750137506095
16.283031520608255 -36.74074793124356
18.995706078909237 -26.959159476831587
19.58343232703588 11.664043351637378
20.02703058085914 28.18695849011459
21.607169828254968 1.7170557434768208
22.95560720506575 -8.327501375060947
23.22961522519796 -43.93414593463033
24.51995185546776 -18.204384781012372
25.461284849960606 19.754213295386858
25.904883103783867 36.27712843386407
29.038618083028908 8.408361807065408
30.176198929787667 -51.1275439380171
31.923033335304343 44.263483534337006
32.29141147003747 -11.911180870513995
37.12278263437737 -58.320941941403866
37.2301385259186 2.672597443554623
37.59060411236922 -20.39166183207844
37.800885858229066 52.353653478086486
39.47964906935724 12.41629809140698
43.67873838115379 60.443823421835965
45.68077405611869 -14.513809309153707
48.467589532348725 8.032586623515833
51.416538419628864 -22.70532975204383
53.315685734812085 16.778783694909798
60.813464627487946 -19.28512831878714
62.87873329444244 19.702500742137165
68.58492424205741 -25.578332229285817
72.38929845739398 22.79267068588664

0 -100
-58 -80
58 -80
44.106832590820076 -65.61320399322696
89 -29
83 25
51 68
-58 80
0 94
