70 76

0.17452406437278392 29.998476951563912
0.17452406437276677 39.998476951563916
0.17452406437274962 49.998476951563916
0.17452406437273246 59.998476951563916
0.1745240643727153 69.99847695156392
0.17452406437269816 79.99847695156392
0.174524064372681 89.99847695156392
0.17452406437266385 99.99847695156392
0.1745240643726467 109.99847695156392
0.17452406437262954 119.99847695156392
8.834778102216475 134.9984769515636
8.83477810221619 124.99847695156359
8.834778102215903 114.99847695156359
8.834778102215617 104.99847695156359
8.834778102215331 94.99847695156359
8.834778102215045 84.99847695156359
8.83477810221476 74.99847695156359
8.834778102214473 64.99847695156359
8.834778102214187 54.99847695156359
8.834778102213901 44.99847695156359
8.834778102213615 34.99847695156359
8.83477810221333 24.99847695156359
17.40645110923396 9.8480962024627
17.49503214005743 19.99847695156359
17.49503214005741 29.99847695156359
17.495032140057393 39.99847695156359
17.495032140057376 49.99847695156359
17.495032140057358 59.99847695156359
17.49503214005734 69.99847695156359
17.495032140057322 79.99847695156359
17.495032140057305 89.99847695156359
17.495032140057287 99.99847695156359
17.49503214005727 109.99847695156359
17.49503214005725 119.99847695156359
17.495032140057234 129.9984769515636
17.495032140057216 139.9984769515636
26.066705147078345 14.8480962024627
26.15528617790138 144.99847695156325
26.155286177901093 134.99847695156325
26.155286177900805 124.99847695156325
26.155286177900518 114.99847695156325
26.15528617790023 104.99847695156325
26.155286177899942 94.99847695156325
26.155286177899654 84.99847695156325
26.155286177899367 74.99847695156325
26.15528617789908 64.99847695156325
26.15528617789879 54.99847695156325
26.155286177898503 44.99847695156325
26.155286177898216 34.99847695156325
26.155286177897928 24.998476951563248
27.803186923747347 5.000018672340568
34.72695918491884 19.848096202462358
34.81554021574232 29.998476951563248
34.8155402157423 39.99847695156325
34.81554021574229 49.99847695156325
34.815540215742274 59.99847695156325
34.81554021574226 69.99847695156325
34.815540215742246 79.99847695156325
34.81554021574223 89.99847695156325
34.81554021574222 99.99847695156325
34.8155402157422 109.99847695156325
34.81554021574219 119.99847695156325
34.815540215742175 129.99847695156325
34.81554021574216 139.99847695156325
34.815540215742146 149.99847695156325
36.46344096158784 10.000018672340225
36.46344096158756 1.8672340225123207e-05
43.38721322276322 24.848096202462358
43.47579425358633 144.9984769515629
43.475794253586045 134.9984769515629
43.47579425358576 124.9984769515629
43.47579425358548 114.9984769515629
43.47579425358519 104.9984769515629
43.47579425358491 94.9984769515629
43.475794253584624 84.9984769515629
43.47579425358434 74.9984769515629
43.475794253584056 64.9984769515629
43.47579425358377 54.99847695156291
43.47579425358349 44.99847695156291
43.4757942535832 34.99847695156291
45.12369499943195 5.000018672340227
45.12369499943193 15.000018672340227
52.04746726060412 29.848096202462017
52.136048291427585 39.99847695156291
52.13604829142757 49.99847695156291
52.13604829142756 59.99847695156291
52.13604829142754 69.9984769515629
52.13604829142753 79.9984769515629
52.136048291427514 89.9984769515629
52.1360482914275 99.9984769515629
52.136048291427485 109.9984769515629
52.13604829142747 119.9984769515629
52.13604829142746 129.9984769515629
52.13604829142744 139.9984769515629
52.13604829142743 149.9984769515629
53.783949037273125 20.000018672339884
53.78394903727284 10.000018672339884
53.783949037272556 1.8672339884062694e-05
60.707721298448504 34.84809620246202
60.79630232927161 144.99847695156257
60.79630232927133 134.99847695156257
60.79630232927104 124.99847695156257
60.79630232927076 114.99847695156257
60.796302329270475 104.99847695156257
60.79630232927019 94.99847695156257
60.796302329269906 84.99847695156257
60.79630232926962 74.99847695156257
60.79630232926934 64.99847695156257
60.796302329269054 54.998476951562566
60.79630232926877 44.998476951562566
62.444203075116945 5.000018672339886
62.44420307511693 15.000018672339886
62.44420307511692 25.000018672339884
69.36797533628969 39.848096202461676
69.45655636711315 49.998476951562566
69.45655636711314 59.998476951562566
69.45655636711312 69.99847695156257
69.45655636711311 79.99847695156257
69.4565563671131 89.99847695156257
69.45655636711308 99.99847695156257
69.45655636711307 109.99847695156257
69.45655636711305 119.99847695156257
69.45655636711304 129.99847695156257
69.45655636711302 139.99847695156257
69.45655636711301 149.99847695156257
71.10445711295868 30.000018672339543
71.1044571129584 20.000018672339543
71.10445711295812 10.000018672339543
71.10445711295783 1.867233954300218e-05
78.02822937413407 44.848096202461676
78.11681040495719 144.99847695156222
78.11681040495691 134.99847695156222
78.11681040495662 124.99847695156222
78.11681040495634 114.99847695156222
78.11681040495606 104.99847695156222
78.11681040495577 94.99847695156222
78.11681040495549 84.99847695156222
78.1168104049552 74.99847695156222
78.11681040495492 64.99847695156222
78.11681040495463 54.998476951562225
79.76471115080221 5.000018672339545
79.7647111508022 15.000018672339545
79.76471115080219 25.000018672339543
79.76471115080217 35.00001867233954
86.68848341197555 49.848096202461335
86.77706444279902 59.998476951562225
86.777064442799 69.99847695156222
86.77706444279899 79.99847695156222
86.77706444279897 89.99847695156222
86.77706444279896 99.99847695156222
86.77706444279895 109.99847695156222
86.77706444279893 119.99847695156222
86.77706444279892 129.99847695156222
86.7770644427989 139.99847695156222
86.77706444279889 149.99847695156222
88.42496518864455 40.0000186723392
88.42496518864426 30.000018672339202
88.42496518864398 20.000018672339202
88.4249651886437 10.000018672339202
88.42496518864341 1.8672339201941668e-05
95.34873744981994 54.848096202461335
95.43731848064307 144.99847695156188
95.43731848064279 134.99847695156188
95.4373184806425 124.99847695156188
95.43731848064222 114.99847695156188
95.43731848064193 104.99847695156188
95.43731848064165 94.99847695156188
95.43731848064137 84.99847695156188
95.43731848064108 74.99847695156188
95.4373184806408 64.99847695156188
97.0852192264878 5.000018672339204
97.08521922648778 15.000018672339204
97.08521922648777 25.000018672339202
97.08521922648775 35.0000186723392
97.08521922648774 45.0000186723392
104.00899148766172 59.848096202460994
104.09757251848518 69.99847695156188
104.09757251848517 79.99847695156188
104.09757251848515 89.99847695156188
104.09757251848514 99.99847695156188
104.09757251848512 109.99847695156188
104.09757251848511 119.99847695156188
104.0975725184851 129.99847695156188
104.09757251848508 139.99847695156188
104.09757251848507 149.99847695156188
105.74547326433071 50.00001867233886
105.74547326433043 40.00001867233886
105.74547326433014 30.00001867233886
105.74547326432986 20.00001867233886
105.74547326432958 10.00001867233886
105.74547326432929 1.8672338860881155e-05
112.6692455255061 64.848096202461
112.75782655632925 144.99847695156154
112.75782655632896 134.99847695156154
112.75782655632868 124.99847695156154
112.7578265563284 114.99847695156154
112.75782655632811 104.99847695156154
112.75782655632783 94.99847695156154
112.75782655632754 84.99847695156154
112.75782655632726 74.99847695156154
114.40572730217367 5.000018672338863
114.40572730217366 15.000018672338863
114.40572730217364 25.00001867233886
114.40572730217363 35.00001867233886
114.40572730217362 45.00001867233886
114.4057273021736 55.00001867233886
121.32949956334818 69.84809620246065
121.41808059417164 79.99847695156154
121.41808059417163 89.99847695156154
121.41808059417161 99.99847695156154
121.4180805941716 109.99847695156154
121.41808059417158 119.99847695156154
121.41808059417157 129.99847695156154
121.41808059417156 139.99847695156154
123.06598134001717 60.00001867233852
123.06598134001689 50.00001867233852
123.0659813400166 40.00001867233852
123.06598134001632 30.00001867233852
123.06598134001604 20.00001867233852
123.06598134001575 10.00001867233852
129.98975360119255 74.84809620246065
130.07833463201544 134.9984769515612
130.07833463201516 124.9984769515612
130.07833463201487 114.9984769515612
130.0783346320146 104.9984769515612
130.0783346320143 94.9984769515612
130.07833463201402 84.9984769515612
131.7262353778598 25.00001867233852
131.72623537785978 35.00001867233852
131.72623537785975 45.00001867233852
131.72623537785972 55.00001867233852
131.7262353778597 65.00001867233851
138.65000763903492 79.84809620246031
138.73858866985842 89.9984769515612
138.7385886698584 99.9984769515612
138.73858866985836 109.9984769515612
138.73858866985833 119.9984769515612
140.38648941570386 60.000018672338165
140.38648941570358 50.000018672338165
140.3864894157033 40.000018672338165
140.386489415703 30.000018672338165
140.38648941570383 70.00001867233817
147.31026167687932 84.84809620246031
147.3988427077016 104.99847695156086
147.3988427077013 94.99847695156086
149.04674345354644 45.000018672338165
149.0467434535464 55.000018672338165
149.04674345354638 65.00001867233817
149.04674345354636 75.00001867233817

0 0
124 0
136.03630046304096 15.972710200945867
148.34952996955354 0.21249512881098376
0 20
148 115
140.1853774302145 133.4100970690488
127.06419685040436 148.50428867350425
0 130
0.34904812874563645 149.99695390312783
