100 51

20.174524064372783 29.998476951563912
20.174524064372765 39.998476951563916
20.174524064372747 49.998476951563916
20.17452406437273 59.998476951563916
20.17452406437271 69.99847695156392
20.174524064372694 79.99847695156392
28.746197071393734 4.848096202463024
28.83477810221684 94.99847695156356
28.834778102216553 84.99847695156356
28.834778102216266 74.99847695156356
28.834778102215978 64.99847695156356
28.83477810221569 54.99847695156356
28.834778102215402 44.99847695156356
28.834778102215115 34.99847695156356
28.834778102214827 24.99847695156356
28.83477810221454 14.99847695156356
37.406451109235455 9.848096202462672
37.495032140058925 19.99847695156356
37.49503214005891 29.99847695156356
37.495032140058896 39.99847695156356
37.49503214005888 49.99847695156356
37.49503214005887 59.99847695156356
37.49503214005885 69.99847695156356
37.49503214005884 79.99847695156356
37.495032140058825 89.99847695156356
37.49503214005881 99.99847695156356
39.14293288590446 1.8672340539538368e-05
46.066705147079844 14.848096202462672
46.155286177902994 94.9984769515632
46.15528617790271 84.9984769515632
46.155286177902425 74.9984769515632
46.15528617790214 64.9984769515632
46.15528617790186 54.998476951563205
46.15528617790157 44.998476951563205
46.15528617790129 34.998476951563205
46.155286177901004 24.998476951563205
47.80318692374884 5.000018672340541
54.726959184921924 19.848096202462315
54.815540215745386 29.998476951563205
54.81554021574537 39.998476951563205
54.81554021574536 49.998476951563205
54.815540215745344 59.998476951563205
54.81554021574533 69.9984769515632
54.815540215745315 79.9984769515632
54.8155402157453 89.9984769515632
54.81554021574529 99.9984769515632
56.463440961590926 10.000018672340182
56.46344096159064 1.8672340182490643e-05
63.387213222766306 24.848096202462315
63.47579425358947 94.99847695156285
63.475794253589186 84.99847695156285
63.4757942535889 74.99847695156285
63.47579425358862 64.99847695156285
63.47579425358833 54.99847695156285
63.47579425358805 44.99847695156285
63.475794253587765 34.99847695156285
65.12369499943503 5.000018672340184
65.12369499943502 15.000018672340184
72.04746726060868 29.84809620246196
72.13604829143215 39.99847695156285
72.13604829143213 49.99847695156285
72.13604829143212 59.99847695156285
72.1360482914321 69.99847695156285
72.13604829143209 79.99847695156285
72.13604829143208 89.99847695156285
72.13604829143206 99.99847695156285
73.78394903727768 20.000018672339827
73.7839490372774 10.000018672339827
73.78394903727711 1.8672339827219275e-05
80.70772129845307 34.84809620246196
80.79630232927624 94.9984769515625
80.79630232927596 84.9984769515625
80.79630232927568 74.9984769515625
80.79630232927539 64.9984769515625
80.79630232927511 54.998476951562495
80.79630232927482 44.998476951562495
82.4442030751215 5.000018672339829
82.44420307512148 15.000018672339829
82.44420307512146 25.000018672339827
89.36797533629574 39.848096202461605
89.4565563671192 49.998476951562495
89.45655636711919 59.998476951562495
89.45655636711918 69.9984769515625
89.45655636711916 79.9984769515625
89.45655636711915 89.9984769515625
89.45655636711913 99.9984769515625
91.10445711296474 30.000018672339472
91.10445711296445 20.000018672339472
91.10445711296417 10.000018672339472
91.10445711296389 1.8672339471947907e-05
98.02822937414012 44.848096202461605
98.11681040496332 94.99847695156214
98.11681040496303 84.99847695156214
98.11681040496275 74.99847695156214
98.11681040496246 64.99847695156214
98.11681040496218 54.99847695156214
99.76471115080827 5.000018672339474
99.76471115080825 15.000018672339474
99.76471115080824 25.000018672339472
99.76471115080822 35.00001867233947
106.6884834119831 49.84809620246125
106.77706444280656 59.99847695156214
106.77706444280655 69.99847695156214
106.77706444280653 79.99847695156214
106.77706444280652 89.99847695156214
106.7770644428065 99.99847695156214
110.10868484523948 40.451169994602054
110.1086848452392 30.451169994602054
110.10868484523891 20.451169994602054
110.10868484523863 10.451169994602054
110.10868484523834 0.4511699946020542
115.34873744982748 54.84809620246125
115.43731848065069 94.99847695156178
115.4373184806504 84.99847695156178
115.43731848065012 74.99847695156178
115.43731848064984 64.99847695156178
118.76893888308273 5.451169994602056
118.76893888308271 15.451169994602056
118.7689388830827 25.451169994602054
118.76893888308268 35.451169994602054
118.76893888308267 45.451169994602054
124.00899148767076 59.848096202460894
124.09757251849422 69.99847695156178
124.0975725184942 79.99847695156178
124.09757251849419 89.99847695156178
124.09757251849418 99.99847695156178
127.15564456253675 0.004779644451451404
127.42919292092685 40.451169994601706
127.42919292092657 30.451169994601706
127.42919292092628 20.451169994601706
127.429192920926 10.451169994601706
127.42919292092684 50.451169994601706
132.66924552551512 64.8480962024609
132.75782655633836 94.99847695156143
132.75782655633807 84.99847695156143
132.7578265563378 74.99847695156143
135.81589860038002 5.0047796444511015
136.0894469587704 15.451169994601708
136.08944695877037 25.451169994601706
136.08944695877034 35.451169994601706
136.0894469587703 45.451169994601706
136.08944695877028 55.451169994601706
141.3294995633587 69.84809620246054
141.4180805941822 79.99847695156143
141.41808059418216 89.99847695156143
141.41808059418213 99.99847695156143
144.47615263822422 0.004779644450750631
144.4761526382242 10.00477964445075
144.74970099661448 40.45116999460136
144.7497009966142 30.451169994601358
144.7497009966139 20.451169994601358
144.74970099661445 50.45116999460136
144.74970099661442 60.45116999460136
149.9897536012031 74.84809620246054
150.07833463202633 84.99847695156107
150.0783346320263 94.99847695156107
153.13640667606793 15.004779644450753
153.13640667606765 5.004779644450753
153.4099550344583 25.451169994601358
153.40995503445828 35.45116999460136
153.40995503445825 45.45116999460136
153.40995503445822 55.45116999460136
153.4099550344582 65.45116999460136
158.65000763904723 79.84809620246018
158.73858866987047 89.99847695156072
158.73858866987044 99.99847695156072
161.79666071391182 0.004779644450402465
161.7966607139118 10.004779644450402
161.79666071391176 20.0047796444504
162.07020907230236 60.45116999460101
162.07020907230208 50.45116999460101
162.0702090723018 40.45116999460101
162.0702090723015 30.45116999460101
162.07020907230233 70.451169994601
167.31026167689137 84.84809620245983
167.3988427077146 94.99847695156036
170.45691475175553 25.004779644450405
170.45691475175525 15.004779644450405
170.45691475175497 5.004779644450405
170.7304631101459 35.45116999460101
170.73046311014588 45.45116999460101
170.73046311014585 55.45116999460101
170.73046311014582 65.451169994601
170.7304631101458 75.451169994601
179.11716878959908 20.004779644450053
179.11716878959905 30.004779644450053
179.39071714798996 70.45116999460065
179.39071714798968 60.45116999460065
179.3907171479894 50.45116999460065
179.3907171479891 40.45116999460065
179.39071714798993 80.45116999460065

20 0
180 0
189.0798099947909 17.820130483767368
189.07980999479088 37.82013048376737
189.07980999479085 57.82013048376737
189.07980999479082 77.82013048376737
177.6082812677699 94.2031713695472
20 20
20 90
