84 34

0.17452406437276677 19.998476951563912
0.17452406437274962 29.998476951563912
0.17452406437273246 39.998476951563916
8.83477810221688 54.99847695156357
8.834778102216594 44.99847695156357
8.834778102216308 34.99847695156357
8.834778102216022 24.998476951563568
8.834778102215736 14.998476951563568
8.83477810221545 4.998476951563568
8.834778102215164 -5.001523048436432
17.40645110923608 -10.15190379753732
17.49503214005955 -0.0015230484364305852
17.495032140059532 9.99847695156357
17.495032140059514 19.998476951563568
17.495032140059497 29.998476951563568
19.142932885905083 -19.999981327659455
20.08322259108469 39.657735214454256
20.083222591084674 49.657735214454256
20.083222591084656 59.657735214454256
20.08322259108464 69.65773521445425
20.08322259108462 79.65773521445425
20.083222591084603 89.65773521445425
26.066705147080466 -5.151903797537319
26.15528617790368 24.998476951563216
26.155286177903392 14.998476951563216
26.155286177903104 4.998476951563216
27.803186923749468 -14.999981327659453
28.74347662892882 64.6577352144539
28.743476628928534 54.65773521445389
28.743476628928246 44.65773521445389
28.743476628927958 34.65773521445389
34.72695918492402 -0.15190379753767225
34.81554021574749 9.998476951563218
34.815540215747475 19.99847695156322
36.46344096159302 -9.999981327659805
36.46344096159274 -19.999981327659803
37.40373066677214 29.65773521445354
40.16010422494212 39.270352173836734
40.1601042249421 49.270352173836734
40.16010422494209 59.270352173836734
40.160104224942074 69.27035217383673
40.16010422494206 79.27035217383673
40.160104224942046 89.27035217383673
40.16010422494203 99.27035217383673
43.38721322276841 4.8480962024623295
43.47579425359166 14.998476951562868
45.12369499943712 -14.999981327659802
45.123694999437106 -4.9999813276598015
46.063984704616324 24.65773521445319
48.82035826278626 64.27035217383637
48.82035826278597 54.27035217383637
48.82035826278569 44.27035217383637
48.820358262785405 34.27035217383637
52.04746726061258 9.84809620246198
53.78394903728129 -9.999981327660151
53.783949037281005 -19.99998132766015
53.783949037281275 1.8672339848535557e-05
54.635657711637236 19.5073544653523
57.392031269806324 29.119971424735482
60.1484048279763 38.73258838411867
60.148404827976286 48.73258838411867
60.14840482797627 58.73258838411867
60.14840482797626 68.73258838411867
60.14840482797624 78.73258838411867
60.14840482797623 88.73258838411867
60.148404827976215 98.73258838411867
61.44439346847105 6.4278947692052455
62.44420307512539 -14.99998132766015
62.44420307512537 -4.99998132766015
64.03258391949618 16.087153032095213
66.78895747766526 25.699769991478394
68.80865886582043 63.73258838411832
68.80865886582015 53.73258838411832
68.80865886581987 43.73258838411832
70.10464750631515 1.4278947692052473
71.10445711296956 -9.9999813276605
71.10445711296927 -19.9999813276605
72.06434041039113 34.277402628125046
72.69283795734034 11.087153032095934
75.44921151550945 20.699769991478043
78.76490154415933 -3.5721052307951036
79.76471115081365 -14.999981327660498
80.05069551086405 40.29555285964553
80.05069551086403 50.29555285964553
80.05069551086402 60.29555285964553
80.050695510864 70.29555285964554
80.05069551086399 80.29555285964554
80.05069551086397 90.29555285964554
80.72459444823531 29.277402628124694
81.35309199518453 6.087153032095583
84.10946555335363 15.699769991477691
87.42515558200343 -8.572105230795101
88.42496518865784 -19.999981327660848
88.7109495487082 55.295552859645184
88.71094954870792 45.295552859645184
88.71094954870763 35.295552859645184
89.38484848607949 24.277402628124342
90.01334603302863 1.0871530320955856
92.76971959119781 10.69976999147734
96.08540961984761 -13.57210523079545
97.37120358655181 30.295552859644832
98.04510252392367 19.27740262812399
98.67360007087281 -3.9128469679047653
100.1275771447218 39.908169819028025
100.12757714472178 49.908169819028025
100.12757714472177 59.908169819028025
100.12757714472176 69.90816981902802
100.12757714472174 79.90816981902802
100.12757714472173 89.90816981902802
101.429973629042 5.699769991476988
103.74585405103714 -19.99998132766114
106.031457624396 25.29555285964448
106.33404450206234 -10.340723064770454
106.70535656176786 14.277402628123639
108.78783118256595 54.90816981902768
108.78783118256567 44.90816981902768
108.78783118256538 34.90816981902768
109.09041806023153 -0.7281061053886999
113.40511231392755 -17.411790876636196
114.36580099295739 7.8495265312579505
114.69171166224018 20.29555285964413
116.16148587209673 -7.799173917254441
117.44808522040957 29.908169819027325
120.03627567143477 39.56742808191801
120.03627567143475 49.56742808191801
120.03627567143474 59.56742808191801
120.03627567143472 69.56742808191801
120.03627567143471 79.56742808191801
120.0362756714347 89.56742808191801
120.03627567143468 99.56742808191801
121.4368688048226 0.7784587193922095
122.35215609342971 13.86767676277844
123.06437057681812 -19.999981327661825
125.1085296515991 23.480293722161637
125.82074413498731 -10.387364368280068
127.6967201026243 33.13955198505232
128.6965297092789 64.56742808191765
128.69652970927862 54.567428081917654
128.69652970927834 44.567428081917654
129.42322390529492 6.7966089509127
132.17959746346432 16.409225910295895
132.34694095252198 -2.766438608717748
132.767327839577 -17.580762371666836
134.7677879144895 26.06848417318658
139.12618116805402 9.215827906909125
139.29352465711167 -9.959836612104517
140.06698055682153 34.548965134750844
140.0669805568215 44.548965134750844
140.06698055682148 54.548965134750844
140.06698055682145 64.54896513475084
140.06698055682142 74.54896513475084
140.0669805568214 84.54896513475084
140.06698055682136 94.54896513475084
141.83885572635472 18.997416361320838
142.04989821528108 -0.34721965272132316
142.47028510233687 -19.99998132766394
147.13804836868675 27.477897322885102
148.72723459466562 59.548965134750496
148.72723459466533 49.548965134750496
148.72723459466505 39.548965134750496
148.78543943094442 11.804018357934067
148.99648191987077 -7.540617656108093
151.70915647817148 2.2409707983036196
154.08463207327645 20.28449931949833
155.79830240653027 32.47789732288476
158.52914007879647 9.554507814495329
158.65574018276118 -4.952427205083151
160.02448502393725 41.54097519325126
160.02448502393722 51.54097519325126
160.0244850239372 61.54097519325126
160.02448502393716 71.54097519325126
162.74488611111997 25.28449931949799
166.30059969336617 15.847711724993708
166.97106872852694 34.347577189864495

0 -20
153 -20
168.54291922913941 -7.413592179003244
175.38332209565277 11.38026023671493
176.77845157053525 31.331541241911417
169.93804870402184 50.12539365762957
180.2388102022229 67.26873967167182
180.23881020222288 87.26873967167182
160.23881020222288 87.26873967167204
184.30313430127336 -19.726821685517024
191.14353716778672 -0.9329692697988499
0 0
0 50
0.34904812874563645 69.99695390312783
0.34904812874560215 89.99695390312783
