138 68

58.321619940564375 38.70688718928071
66.60691566556387 22.225539833287257
66.6119956661148 44.298816223988176
66.80210090212842 33.40769454694832
74.89729139111407 16.63361079857946
74.90237139166521 49.890745258695645
74.99362134501811 27.67193018343753
75.09247662767883 38.99962358165579
83.28399707056809 11.187220448428857
83.2839970705683 22.080001148729735
83.28399707056853 33.263859218145
83.28907707111945 55.33713560884592
83.38285235322925 44.59155261636326
91.57437279611828 5.595291413721059
91.57437279611872 27.671930183437205
91.57437279611895 38.85578825285247
91.57945279666987 60.92906464355339
91.67070275002233 16.63361079857913
91.76955803268349 50.03794296651353
99.86474852166847 0.0033623790132608633
99.86474852166914 33.263859218144674
99.86982852222029 66.52099367826087
99.96107847557252 11.041681763871333
99.96107847557275 22.2255398332866
99.96107847557319 44.302178603002744
100.05993375823391 55.629872001221
108.25145420112271 5.449752729163535
108.25145420112294 16.6336107985788
108.25145420112317 27.81746886799407
108.25145420112338 38.71024956829495
108.25145420112361 49.89410763771021
108.25653420167453 71.96738402841115
108.35030948378433 61.22180103592847
116.54182992667313 11.041681763871003
116.54182992667336 22.22553983328627
116.5418299266738 44.30217860300242
116.54182992667403 55.48603667241768
116.54690992722495 77.55931306311862
116.63815988057674 0.003362379012930461
116.6381598805774 33.26385921814435
116.73701516323857 66.66819138607875
124.83220565222355 16.633610798578474
124.83220565222422 49.89410763770989
124.83728565277536 83.1512420978261
124.92853560612716 5.595291413720398
124.9285356061276 27.671930183436544
124.92853560612782 38.85578825285181
124.92853560612826 60.93242702256796
125.02739088878899 72.26012042078622
133.12766137832577 88.74317113253358
133.21891133167736 0.0033623790126000586
133.21891133167756 11.187220448427869
133.2189113316778 22.080001148728748
133.21891133167802 33.26385921814401
133.21891133167824 44.44771728755928
133.21891133167844 55.34049798786016
133.21891133167867 66.52435605727543
133.3177666143394 77.8520494554937
141.50928705722777 5.595291413720071
141.5092870572282 27.671930183436217
141.50928705722842 38.85578825285148
141.50928705722885 60.93242702256763
141.50928705722907 72.1162850919829
141.51436705778002 94.18956148268384
141.6056170111318 16.633610798578143
141.60561701113247 49.89410763770955
141.6081423398898 83.44397849020118
149.79966278277797 0.003362379012273209
149.7996627827786 33.263859218143686
149.79966278277925 66.5243560572751
149.79966278277948 77.70821412669038
149.80474278333043 99.78149051739132
149.895992736682 11.041681763870345
149.89599273668222 22.225539833285612
149.89599273668267 44.30217860300176
149.89599273668287 55.48603667241702
149.99484801934403 88.89036884035144
153.2249442165871 109.1784167252504
156.31511416033655 118.68898188820194
158.09003850832966 72.11628509198258
158.1863684622322 5.449752729162547
158.1863684622324 16.633610798577816
158.18636846223262 27.81746886799308
158.18636846223285 38.71024956829396
158.18636846223308 49.894107637709226
158.18636846223328 61.07796570712449
158.1863684622337 83.15460447684066
158.28522374489444 94.48229787505892
159.405284104086 128.19954705115347
161.7054251781511 103.879224082918
162.66096564865757 137.65473280714664
164.79559512190056 113.38978924586954
165.75113559240702 147.16529797009818
166.4767441877826 11.041681763870018
166.4767441877828 22.22553983328529
166.47674418778325 44.30217860300143
166.47674418778348 55.486036672416695
166.47674418778368 66.66989474183197
166.47674418778388 77.56267544213284
166.4767441877841 88.74653351154814
166.57307414168622 0.0033623790119428065
166.57307414168685 33.26385921814335
167.88576506565002 122.90035440882107
169.89694562104077 98.14345971940722
171.14144661022158 132.35554016481424
172.98711556479023 107.65402488235875
174.23161655397104 141.86610532776578
174.767119913333 16.63361079857749
174.76711991333366 49.8941076377089
174.7671199133339 61.077965707124164
174.76711991333428 83.15460447684032
174.86344986723662 5.595291413719414
174.86344986723702 27.671930183435563
174.86344986723725 38.85578825285082
174.8634498672379 72.11628509198223
176.0772855085397 117.16459004531029
178.18732134659095 92.5515306846994
179.33296705311125 126.61977580130346
181.2774912903404 102.06209584765094
182.4231369968607 136.130340964255
183.05749563888406 55.48603667241637
183.15382559278683 0.003362379011615957
183.15382559278703 11.187220448426885
183.15382559278723 22.080001148727767
183.15382559278743 33.26385921814303
183.15382559278765 44.44771728755829
183.1538255927881 66.52435605727443
183.1538255927883 77.70821412668971
184.36766123408987 111.57266101060247
186.57402702604497 87.10514033454879
187.62334277866142 121.02784676659564
189.66419696979443 96.61570549750033
190.71351272241088 130.53841192954718
191.44420131833724 5.595291413719087
191.44420131833763 27.671930183435236
191.44420131833783 38.8557882528505
191.44420131833806 50.03964632226576
191.4442013183383 60.93242702256664
191.44420131833851 72.11628509198191
191.54053127224125 16.63361079857716
192.7543669135439 106.12627066045187
194.86440275159518 81.51321129984099
196.01004845811545 115.58145641644504
197.95457269534464 91.02377646279253
199.1002184018649 125.09202157939657
199.73457704388804 33.263859218142706
199.73457704388824 44.44771728755797
199.7345770438887 66.52435605727412
199.83090699779146 11.041681763869361
199.83090699779166 22.22553983328463
199.83090699779228 55.486036672416034

0 0
16.773411358908476 10.892780700300548
33.354162810009306 22.07663876971549
33.73437328203657 0.2943954156357691
49.93491426111014 33.26049683913043
50.3151247331374 11.478253485050711
66.69816561891679 0.006724758029141853
199 137
182.22658864109155 147.89278070030062
171.62820335642743 164.85374262342913
178.13956644557055 183.76411413541547
184.31990633306947 202.78524446131854
190.83126942221259 221.69561597330488
191.26074702538014 168.66992253095955
197.0116093097115 240.71674629920795
197.7025184602461 187.92234795177018
