0 5

-4.8382696815276285 24.204134725586353
-3.869763886199296 58.6207061522948
-3.8582337051618243 79.84300173987205
-3.600181692522632 0.2391714644931806
-1.8596350463578482 35.72166027431541
-1.2815734351743933 48.961447889404035
-1.0192667987871689 14.876267179314212
-0.44956245294262054 68.01763236015388
4.279925843544585 6.395786217749766
4.433568864140244 27.950200659745473
4.786523986931391 -5.207218885657424
5.428290069982104 76.10780230390336
5.789494376691078 56.03251570126952
5.911824568211856 42.01486418481379
8.252571746880704 18.622333113473335
9.209695809947753 65.4294419091286
12.205028478709949 34.243404570243854
12.666631522998607 0.9493958675991614
12.982892380077327 49.08593199667927
14.545775657378798 10.850873498903397
15.087548332872478 73.51961185287809
16.02403136145041 24.915537023971712
16.403093813334003 58.48285820453835
19.27609629057542 41.31447238210933
20.546739059065587 -5.207218885657728
22.28094633625873 66.57302814828783
22.317235271948505 17.144077409401774
22.425883193445777 4.694258745646508
22.830969910199116 50.82241377334834
23.095099173315884 31.98660483583719
27.58013897859077 75.0535091098521
28.708822433123842 58.91258371709782
29.12417382069721 43.050954158778396
29.388303083813977 24.215145221267253
29.972978995673245 -1.8663315442588546
30.197342808015485 10.987462656144885
32.94317670343796 33.72308661250649
34.00801507545589 67.39306467866209
35.002026343621935 51.141124102527876
37.26841061988095 18.058530468010364
37.74443861024295 4.426872366239523
39.049635337110374 41.832260724726474
40.30121898595398 59.62160506409214
40.82328423950494 27.566471859249603
44.69102231483266 -2.7665256371472475
44.81550642210842 11.497940178105
44.9274878600351 49.922430668475954
46.84143447102542 35.55282695972254
48.37038004173241 21.00588156934424
49.91383594533717 62.37797862226213
51.762090126698126 4.304542174718231
52.71928699395015 43.64299690347202
54.38853027325288 28.992236669817174
54.608551573195776 53.548502693672695
55.316963746322116 13.81248356595747
58.45339619028643 -3.1269060800559583
60.26638279617761 37.082406613566654
61.33511397784259 21.798838666430406
62.00826980991042 6.381035311183281
62.15564737542324 46.98791240376733
67.21296650076731 29.889008610179886
68.0264200414309 14.367390411656213
69.40958664002767 -0.4475067826603176
73.90427256435562 22.457560355405693
75.42773687154815 7.538848317812616
79.11254390278732 -2.8667257386570792
0 -80
-4.858089186670581 -47.19174464681742
-2.2753347890726925 -37.39535365986538
-0.17432075322929919 -14.006401323026662
0.05855954871760716 -69.97959456470736
0.4319739514794003 -55.719473843925414
1.5491720295811042 -28.043123612350776
4.795733022792518 -44.46642147173112
7.251957552104114 -63.03301086011738
7.705786782837681 -20.16301607628355
8.541798956951627 -35.194582926063234
8.71881358656179 -74.97959456470771
10.091232214370084 -53.13128339290021
12.66663152299837 -11.363833638914313
14.698413710207925 -43.074690462130675
14.698413710208204 -27.31447538999601
15.912211589948297 -68.03301086011773
18.33143054594467 -77.73596812287776
18.662905221391 -58.2816641420011
19.613215227588075 -18.557231642301083
20.8550284634645 -35.19458292606345
22.684768810680616 -49.09284069365147
25.524828549331176 -70.78938441828778
25.76982998084437 -26.437339178368525
27.493322763655293 -12.400616889044498
28.275522180774068 -61.03803770017151
28.841383563937192 -41.21273315758424
32.297385770063684 -51.84921425182188
33.649937516911585 -20.280724425111938
33.756185081317064 -32.45548940988932
35.222105885363774 -68.23143570355828
36.91956270026295 -9.059729547645624
38.45400052332026 -43.96910671575465
39.24396947465339 -59.042612255208645
41.63629261738428 -26.298874656632734
43.61086876385126 -16.491177802419813
44.39266617555396 -35.91149161601601
45.40058422790997 -51.162504719141424
47.99016654604715 -63.890708457672375
51.146857780335814 -23.20870471288326
51.33924988014367 -43.104889619402776
51.382328378420965 -10.197973891921436
53.9032313385055 -32.821321672266535
54.146781299303726 -56.01060092160515
58.91831739490552 -16.915500802384884
60.08544695153743 -47.952985821866505
61.674690953075206 -26.528117761768158
62.33495749497607 -38.20928517401415
65.98938520677099 -9.844432990519405
68.74575876494067 -19.457049949902682
70.10641710954577 -31.91608126351577
75.69234246953064 -12.263651946516166
-79.73602909288144 -5.4436824940655395
-79.73602909288145 4.5563175059344605
-78.51733565882999 14.481779022347682
-76.09811670283332 24.18473628510765
-72.51443720738033 33.52054055007967
-71.07577505503727 -0.44368249406589033
-69.85708162098581 9.481779022347332
-67.81972157952143 42.35001647866895
-67.43786266498914 19.1847362851073
-63.85418316953615 28.52054055007932
-61.9418690565967 50.44018642241843
-61.87072652051312 3.4636287908265375
-59.451507564516454 13.166586053586506
-59.15946754167725 37.35001647866859
-55.867828069063464 22.50239031855853
-55.12188545597172 57.75372343861014
-53.281615018752525 45.44018642241807
-52.598887974845546 -0.28243714333262027
-51.173112441204566 31.331866247147804
-50.179669018848884 9.420520119427348
-47.46144102478195 64.18159953547553
-46.59598952339589 18.75632438439937
-46.461631418127546 52.75372343860978
-45.29525991827984 39.42203619089729
-42.98627101546267 -3.038810701502684
-41.901273895536995 27.585800312988646
-40.56705205946601 6.664146561257284
-39.07473534532771 69.6279898856258
-38.801186986937765 59.18159953547518
-38.47527631765486 46.735573207089
-36.98337256401302 15.999950826229306
-36.02342137261227 35.675970256738125
-33.37365405607976 -0.28243714333296044
-32.28865693615412 24.82942675481858
-30.814831886465083 53.163449303954394
-30.414481307483527 64.62798988562544
-29.789974560626767 9.053367121639061
-29.20343777198729 42.989507272929835
-29.022750297882887 74.53067057304115
-26.410804413229393 32.91959669856806
-25.09525893276787 17.882843050228338
-23.496770650128674 1.281907507069123
-22.428126207010845 58.60983965410467
-21.036395197410204 68.51252034152037
-20.913062046436874 48.581436307637304
-19.217406409843143 25.97301299397781
-18.802055022269776 10.111383435658398
-18.32487159541197 38.92217804474654
-17.61619376415353 77.90944654937945
-13.594089962713284 -0.10982350253164874
-13.156287661343224 62.35590558826348
-12.924202499345052 18.201553379407876
-11.641223500769001 52.327502241796424
-11.13147359202572 31.97559434015629
-9.736086228086549 71.75283179612256
-9.053033049744098 42.66824397890566
-8.899374334854386 8.719652426057626
-9.975640502598235 -79.30243526255865
-19.79191233707486 -77.3943453087931
-29.30247750002637 -74.30417536504356
-38.36555537039285 -70.07799274763651
-46.84603633195708 -64.77880010530443
-54.50648076314684 -58.35092400843901
-61.4530644677368 -51.15752600505249
-67.33091699066154 -43.067356061303016
-72.17901319312492 -34.321158989909065
-75.92507912728406 -25.0493204442412
-78.34429808328076 -15.34636318148124
-69.68404404543692 -10.346363181481635
-67.26482508944055 -20.049320444241676
-63.518759155281735 -29.321158989909673
-60.47899551091276 -6.4390518965892065
-58.67066295281867 -38.0673560613038
-58.05977655491639 -16.142009159349247
-54.313710620757575 -25.413847705017243
-52.792810429894224 -46.157526005053484
-50.179669018849175 -9.985394406092661
-49.46561441829451 -34.16004477641137
-46.43360308469036 -19.257232951760656
-45.84622672530452 -53.35092400844025
-43.587761895370065 -42.250214720161054
-41.58550688222729 -28.00343002315478
-39.240205081303856 -12.31064924717068
-38.185782294114986 -59.77880010530594
-36.64117819078036 -49.44361272354782
-35.70765435930285 -36.09359996690447
-34.39210887884079 -21.056846318564805
-29.627588121920944 -9.554275689000956
-29.197841831123498 -64.16251157319708
-28.761070654713144 -43.28699797029124
-28.514256355916345 -29.147016262314494
-27.811702262191282 -54.13832835140709
-24.779491919457875 -18.30047276039508
-21.56767265132664 -36.34041426570126
-19.931594726124302 -60.29494310466398
-19.931594726124068 -47.981713598150506
-19.75070471596986 -7.989931038598874
-18.901639396533433 -26.390642704144767
-14.902608513506792 -16.736128109992997
-14.641531587974324 -68.82267230177197
-12.73819672273756 -41.03512989356053
-12.051487190057088 -54.138328351407395
-10.155442325139672 -31.238738906608493
-8.745993760250215 -8.856020573925774
-6.761424051907107 -62.66605754851539
-6.330935506485876 -21.886508859093887

0 5

