7 105

30 115
40 115
50 115
60 115
70 115
80 115
90 115
35 125
45 125
55 125
65 125
75 125
85 125
35 135
45 135
55 135
65 135
75 135
85 135
30 145
40 145
50 145
60 145
70 145
80 145
35 155
55 155
65 155
75 155
45 160
35 165
55 165
65 165
45 170
35 175
55 175
45 180
35 185
45 30
35 35
55 35
45 40
35 45
55 45
65 45
45 50
35 55
55 55
65 55
75 55
45 60
35 65
55 65
70 65
80 65
45 70
35 75
55 75
65 75
75 75
85 75
45 80
35 85
55 85
65 85
75 85
85 85
40 95
50 95
60 95
70 95
80 95
90 95
30 105
40 105
50 105
60 105
70 105
80 105
90 105
35 25
-55 115
-45 115
-35 115
-15 115
-5 115
-25 120
-55 125
-45 125
-35 125
-15 125
-5 125
-25 130
-55 135
-45 135
-35 135
-15 135
-5 135
-25 140
-55 145
-35 145
-15 145
-5 145
-45 150
-25 150
-55 155
-35 155
-15 155
-5 155
-45 160
-25 160
-35 165
-15 165
-5 165
-45 170
-25 170
-35 175
-15 175
-5 175
-25 180
-15 185
-5 185
5 115
15 115
5 125
15 125
25 125
5 135
15 135
25 135
5 145
15 145
5 155
15 155
25 155
5 165
15 165
25 165
5 175
15 175
25 175
5 185
15 185
25 185
-25 30
-35 35
-15 35
-5 35
-45 40
-25 40
-35 45
-15 45
-5 45
-55 50
-45 50
-25 50
-35 55
-15 55
-5 55
-55 60
-45 60
-25 60
-35 65
-15 65
-5 65
-45 70
-25 70
-55 75
-35 75
-15 75
-5 75
-45 80
-25 80
-55 85
-35 85
-15 85
-5 85
-25 90
-55 95
-45 95
-35 95
-15 95
-5 95
5 35
15 35
25 35
5 45
15 45
25 45
5 55
15 55
25 55
5 65
15 65
25 65
5 75
15 75
25 75
5 85
15 85
25 85
5 95
15 95
25 95
-25 100
-55 105
-45 105
-35 105
-15 105
-5 105
-25 110
5 105
15 105
-15 25
-5 25
5 25
15 25
25 25
-75 115
-65 120
-75 125
-65 130
-65 140
-65 150
-65 60
-65 70
-65 80
-75 85
-65 90
-75 95
-65 100
-75 105
-65 110

7 105

115 115
135 120
115 135
158.7388636067246 121.50782552037306
145.79372548428233 136.9094211857377
127.48479794973797 154.1026485551578
115 35
135 35
155 35
175 35
195 40
130 55
150 55
170 55
190 60
125 75
145 75
165 75
115 95
135 95
155 95
175 95
115 -50
175 -50
135 -45
155 -45
180 -30
120 -25
140 -25
160 -25
175 -10
115 -5
135 -5
155 -5
200.0 0.0
194.80734843270858 -44.85839362327872
198.89348182948797 -20.088836889847123
175 10
115 15
135 15
155 15
195 20
115 -140
135 -125
155 -125
115 -120
130 -105
150 -105
170 -105
115 -90
135 -85
155 -85
175 -85
115 -70
135 -65
160 -65
187.64898677887626 -68.92050669216579
117.55705045849403 -161.80339887498994
136.90942118573707 -145.7937254842829
95 125
95 145
75 165
95 165
55 185
75 185
32.53782121416917 197.23962247093888
75 40
95 45
90 65
95 85
110 60
95 -55
35 -50
55 -45
75 -45
95 -35
35 -30
55 -25
75 -25
95 -15
35 -10
55 -5
75 -5
95 5
35 10
55 15
75 15
95 25
95 -135
35 -130
55 -130
75 -125
95 -115
35 -110
55 -105
75 -105
95 -95
35 -90
55 -85
75 -85
95 -75
35 -70
55 -65
75 -65
35 -195
55 -190
75 -185
30 -170
50 -170
75 -165
95 -155
35 -150
55 -150
75 -145
96.35073482034252 -175.26133600877301
-40 185
-20 195
-1.2098029496354524e-13 200.0
-55 35
-45 -45
-25 -45
-5 -45
-45 -25
-25 -25
-5 -25
-45 -5
-25 -5
-5 -5
15 -45
15 -25
15 -5
-45 15
-25 15
-5 15
15 15
-45 -125
-25 -125
-5 -125
-45 -105
-25 -105
-5 -105
15 -125
15 -105
-45 -85
-25 -85
-5 -85
-45 -65
-25 -65
-5 -65
15 -85
15 -65
-55 -190
-35 -185
-5 -180
-40 -165
-20 -165
-45 -145
-25 -145
-5 -145
-20.088836889845346 -198.89348182948814
-3.6739403974420595e-14 -200.0
15 -185
10 -165
15 -145
-110 115
-125 130
-105 135
-130 150
-110 155
-100.65444495536296 172.71612893002074
-90 115
-85 135
-85 160
-65 160
-80 180
-60 180
-125 30
-105 35
-125 50
-105 55
-125 70
-105 75
-125 90
-105 95
-85 35
-70 50
-80 70
-85 95
-130 110
-130 -50
-105 -45
-125 -30
-105 -25
-125 -10
-105 -5
-85 -45
-65 -45
-85 -25
-65 -25
-85 -5
-65 -5
-130 10
-110 15
-90 15
-70 20
-125 -130
-105 -130
-130 -110
-110 -105
-142.25819157834906 -140.44495509167098
-85 -125
-65 -125
-90 -105
-65 -105
-125 -90
-105 -85
-125 -70
-105 -65
-85 -85
-65 -85
-85 -65
-65 -65
-105 -150
-127.48479794973737 -154.1026485551583
-102.8616488607791 -171.41079217915518
-75 -185
-60 -170
-80 -165
-65 -150
-85 -145
-160 115
-145.7937254842825 136.90942118573753
-175 30
-145 30
-195 40
-165 50
-145 55
-185 60
-165 70
-145 75
-165 95
-145 95
-182.95114994637797 80.56708518459428
-190 -55
-170 -45
-150 -45
-195 -35
-165 -25
-145 -25
-185 -15
-165 -5
-145 -5
-200.0 -5.084141158371281e-13
-180 10
-160 15
-198.89348182948817 20.088836889844977
-155 -125
-170 -105
-150 -105
-165 -85
-145 -85
-185 -75
-165 -65
-145 -65
