787 435

865 435
870 445
865 455
865 465
865 405
865 415
865 425
785 435
795 435
805 435
815 435
825 435
835 435
845 435
785 445
795 445
805 445
815 445
825 445
835 445
845 445
855 435
855 445
785 455
795 455
805 455
815 455
825 455
835 455
845 455
785 465
795 465
805 465
815 465
825 465
835 465
845 465
785 475
795 475
805 475
815 475
835 475
845 475
825 480
785 485
795 485
805 485
815 485
835 485
845 485
825 490
785 495
795 495
805 495
815 495
835 495
845 495
825 500
785 505
795 505
805 505
815 505
835 505
825 510
785 515
795 515
805 515
815 515
855 455
855 465
855 475
855 485
785 355
795 355
805 355
815 355
825 360
785 365
795 365
805 365
815 365
835 365
825 370
785 375
795 375
805 375
815 375
835 375
845 375
825 380
785 385
795 385
805 385
815 385
835 385
845 385
825 390
785 395
795 395
805 395
815 395
835 395
845 395
825 400
785 405
795 405
805 405
815 405
835 405
845 405
825 410
785 415
795 415
805 415
815 415
835 415
845 415
825 420
785 425
795 425
805 425
815 425
835 425
845 425
855 385
855 395
855 405
855 415
855 425
705 435
735 435
745 435
705 445
715 445
725 445
735 445
745 445
765 435
775 435
755 440
765 445
775 445
705 455
715 455
725 455
735 455
745 455
710 465
725 465
735 465
745 465
715 475
725 475
735 475
745 475
720 485
730 485
745 485
735 495
745 495
745 505
755 450
765 455
775 455
755 460
765 465
775 465
755 470
765 475
775 475
755 480
765 485
775 485
755 490
765 495
775 495
755 500
765 505
775 505
755 510
765 515
775 515
745 365
735 370
745 375
725 380
735 380
745 385
715 390
725 390
735 390
745 395
710 400
720 400
730 400
745 405
715 410
725 410
735 410
705 415
745 415
715 420
725 420
735 420
705 425
745 425
715 430
725 430
765 355
775 355
755 360
765 365
775 365
755 370
765 375
775 375
755 380
765 385
775 385
755 390
765 395
775 395
755 400
765 405
775 405
755 410
765 415
775 415
755 420
765 425
775 425
755 430

787 435

865 865
910 865
930 865
885 870
865 890
885 890
905 890
925 890
945 890
865 910
885 910
905 910
925 910
945 910
865 930
885 930
905 930
925 930
945 930
950.0 870.0
950.0 950.0
930.0 950.0
910.0 950.0
890.0 950.0
870.0 950.0
865 780
885 785
910 785
930 785
865 800
885 805
910 805
930 805
880 825
900 825
920 825
865 845
885 845
905 845
925 845
950.0 790.0
950.0 810.0
950.0 830.0
950.0 850.0
865 700
885 700
905 705
925 705
865 720
885 720
905 725
925 725
865 740
885 740
905 745
925 745
950.0 710.0
950.0 730.0
950.0 750.0
865 760
885 760
905 765
925 765
945 770
900 615
930 615
880 620
915 630
880 640
900 645
930 645
950.0 610.0
950.0 630.0
950.0 650.0
865 660
885 660
910 665
930 665
865 680
885 680
905 685
925 685
950.0 670.0
950.0 690.0
940 530
880 540
900 540
920 540
950.0 550.0
865 560
885 560
905 560
930 560
865 580
885 580
915 580
900 595
930 595
880 600
950.0 570.0
950.0 590.0
875 435
935 435
895 440
915 445
950.0 450.0
875 455
895 460
930 460
865 480
885 480
905 480
925 480
945 490
865 500
885 500
905 500
925 500
945 510
880 520
900 520
920 520
950.0 470.0
950.0 350.0
875 360
895 365
915 365
935 365
880 380
910 385
930 385
865 395
890 400
910 405
930 405
875 415
895 420
915 425
950.0 380.0
950.0 400.0
950.0 420.0
890 265
910 265
930 265
865 280
885 285
905 285
925 285
945 290
865 300
885 305
910 305
930 305
865 320
885 325
905 325
925 325
870 340
890 345
910 345
930 345
950.0 270.0
950.0 310.0
950.0 330.0
930 180
870 200
890 205
910 205
930 205
865 220
885 225
905 225
925 225
870 240
890 245
910 245
930 245
950.0 190.0
950.0 210.0
950.0 230.0
950.0 250.0
865 260
925 100
905 110
945 110
925 120
900 130
945 130
920 140
900.0 150.0
950.0 150.0
925 160
900 170
950.0 170.0
910 50
930 55
905 70
930 80
905 90
950.0 50.0
950.0 70.0
950.0 90.0
805 870
825 870
845 870
785 880
805 890
825 890
845 890
785 900
805 910
825 910
845 910
785 920
805 930
825 930
845 930
850.0 950.0
830.0 950.0
810.0 950.0
790.0 950.0
785 780
805 785
825 785
845 785
785 800
805 805
825 805
845 805
780 820
800 825
820 825
840 825
785 840
805 845
825 845
845 845
860 825
785 860
790 700
825 705
845 705
805 715
825 725
845 725
790 730
805 745
825 745
845 745
785 755
805 765
825 765
845 765
800 625
820 625
840 625
800 645
820 645
840 645
860 620
860 640
805 665
825 665
845 665
805 685
825 685
845 685
780 525
800 525
820 525
840 525
780 545
800 545
820 545
840 545
860 540
780 565
800 565
820 565
845 565
785 585
805 585
825 585
845 585
800 605
820 605
840 605
860 600
845 505
860 520
845 360
860 375
785 265
805 280
825 280
845 280
785 285
805 300
825 300
845 300
785 305
805 320
825 320
845 320
785 325
805 340
845 340
785 345
825 345
810 200
830 200
790 205
825 220
845 220
790 225
810 235
830 240
790 245
850.0 200.0
850 240
805 260
825 260
845 260
705 865
725 865
745 865
705 885
725 885
745 885
705 905
725 905
745 905
705 925
725 925
745 925
730 945
750.0 950.0
710.0 950.0
765 880
765 900
765 920
770.0 950.0
745 785
705 790
725 790
745 805
705 810
725 810
740 825
710 830
695 845
725 845
745 845
765 780
765 800
760 820
765 840
765 860
700 700
700 730
750.0 700.0
750.0 720.0
750.0 740.0
730.0 750.0
710.0 750.0
770 700
770 720
770 740
745 765
705 770
725 770
765 760
695.0 650.0
700 670
740 525
700 535
720 540
740 545
760 525
760 545
700 560
720 560
740 565
700 580
720 580
700 600
720 600
750.0 600.0
760 565
765 585
700 465
700 485
715 500
735 505
700 515
720 520
705 365
725 365
705 385
700 405
695 425
745 265
695 270
725 270
710 285
745 285
725 300
705 305
745 305
705 325
725 325
745 325
705 345
725 345
745 345
765 265
765 285
765 305
765 325
765 345
710.0 250.0
730.0 250.0
750.0 245.0
750.0 220.0
750.0 200.0
770 200
770 225
770 245
625 865
645 865
625 885
645 885
625 905
645 910
625 925
645 930
630 945
650.0 950.0
610.0 950.0
665 865
685 870
665 885
685 890
665 905
685 910
665 925
685 930
690.0 950.0
670.0 950.0
625 790
645 790
620 810
645 810
630 830
615 845
645 845
685 785
665 790
685 805
665 810
680 825
660 830
675 845
650.0 710.0
650.0 730.0
645.0 750.0
620.0 750.0
670 700
685 715
670 730
685 745
620 770
645 770
665 750
685 765
665 770
650.0 650.0
675.0 650.0
650.0 670.0
650.0 690.0
670 670
685 685
610 525
630 525
610 545
630 545
650.0 550.0
650.0 530.0
625 565
610 580
635 585
620 600
650.0 600.0
650.0 570.0
610 445
630 445
660 445
690 445
645 460
610 465
630 475
610 485
645 490
610 505
630 505
650.0 510.0
675 460
660 475
680 480
665 495
685 500
645 360
625 365
645 380
625 385
645 400
610 405
630 415
610 425
645 430
665 360
685 365
685 385
665 390
680 405
660 415
675 430
625 270
645 270
625 290
645 290
615 310
645 310
630 325
645 340
625 345
665 270
680 285
665 300
685 305
665 320
685 325
665 340
685 345
610.0 250.0
630.0 250.0
650.0 250.0
670.0 250.0
690.0 250.0
525 870
545 870
525 890
545 890
525 910
545 910
525 930
545 930
550.0 950.0
530.0 950.0
565 870
585 870
605 870
565 890
585 890
605 890
565 910
585 910
605 910
565 930
585 930
605 930
590.0 950.0
570.0 950.0
550.0 850.0
530.0 850.0
605 790
600 810
600 830
595.0 850.0
575.0 850.0
600.0 750.0
600 770
550.0 530.0
550.0 550.0
570 525
590 525
570 545
590 545
550.0 580.0
550.0 600.0
565 565
595 565
580 580
570 600
600 600
550.0 450.0
570 445
590 445
550.0 470.0
550.0 490.0
550.0 510.0
570 465
590 465
570 485
590 485
570 505
590 505
525 365
545 365
545 385
530 400
550.0 405.0
550.0 430.0
565 360
585 365
605 365
565 385
585 385
605 385
570 405
590 405
570 425
590 425
525 265
545 265
525 285
545 285
525 305
545 305
525 325
545 325
525 345
545 345
565 265
585 265
605 270
565 285
585 285
605 290
570 305
590 305
580 325
600 325
565 340
585 345
605 345
545 185
525 205
545 205
525 225
545 225
540 245
585 180
600 195
565 205
585 210
565 225
600 230
560 245
580 245
540 120
545 145
550.0 100.0
570 100
600 100
560 120
580 120
600 120
570 140
600 145
525 165
545 165
580 160
600 165
565 175
445 880
445 900
445 930
450.0 950.0
485 865
505 870
465 890
485 890
505 890
465 910
485 910
505 910
465 930
485 930
505 930
510.0 950.0
490.0 950.0
470.0 950.0
445 785
445 805
445 825
445 845
470 790
500 790
485 805
465 810
500 820
480 825
465 840
485 845
505.0 850.0
460 860
450.0 750.0
490.0 750.0
470.0 750.0
435 765
460 770
480 770
500 770
450.0 450.0
435 485
450.0 500.0
450.0 470.0
445 360
445 385
440 405
445 425
465 360
485 365
505 365
470 380
495 385
515 385
460 400
480 400
445 270
445 290
445 310
445 330
485 265
505 265
465 270
485 285
505 285
465 295
485 305
505 305
465 315
485 325
505 325
465 340
485 345
505 345
450.0 250.0
500 180
520 185
500 200
505 220
500 245
520 245
470.0 250.0
500 100
520 100
500 120
520 120
500 140
520 140
500 160
350.0 870.0
350.0 890.0
350.0 910.0
350.0 945.0
430 865
370 870
390 870
410 880
370 890
390 890
425 895
370 910
390 910
410 910
430 915
370 930
395 930
415 930
430 945
410.0 950.0
390.0 950.0
370.0 950.0
350.0 850.0
425 785
405 795
425 805
405 815
425 825
405 835
425 845
390.0 850.0
370.0 850.0
410 860
420.0 750.0
400.0 750.0
405 775
350.0 450.0
390 445
410 445
430 445
370.0 450.0
400 465
430 465
415 480
400 495
420 500
365 365
385 365
405 365
425 365
365 385
385 385
405 385
425 385
360 405
380 405
400 405
420 405
365 425
385 425
405 425
425 425
385 265
405 270
425 270
365 275
385 285
405 290
425 290
365 295
385 305
405 310
425 310
365 320
390 325
415 330
360 345
380 345
400 345
430 345
350.0 190.0
370 180
400 180
385 195
365 205
400 210
380 220
400 230
365 235
385 245
405.0 250.0
425.0 250.0
365 255
350.0 150.0
350.0 120.0
350.0 100.0
370 100
395 100
375 120
395 120
375 140
400 140
350.0 170.0
370 160
390 160
265 870
285 870
280 890
300 890
280 910
300 910
265 930
300 930
295.0 950.0
270.0 950.0
300 780
275 785
295 800
290.0 850.0
270.0 850.0
270 700
300 710
270 720
300 730
270 740
300.0 750.0
265 760
285 765
270 620
300 620
275 640
300 640
270 660
295 665
270 680
290 685
300 540
320.0 550.0
300 560
320 570
300 580
270 600
290 600
310 600
330 600
340.42295738638853 582.4420885417123
330 435
290 445
310 445
266.2008771308997 446.3682747399827
300 465
300 520
294.93200497173405 499.04200911484577
285.35496235812263 481.4840976565581
275.7779197445111 463.92618619827044
265 365
285 365
305 365
325 365
345 370
265 385
285 385
305 385
325 385
345 390
270 405
290 405
310 405
330 405
345 420
270 425
290 425
310 425
325 265
345 265
265 280
285 280
305 280
325 285
345 285
265 300
285 300
305 300
325 305
345 305
265 325
285 325
305 325
325 325
345 325
280 345
300 345
320 345
340 345
275 200
295 200
315 200
335 205
265 220
285 220
305 220
325 225
345 225
265 240
285 240
305 240
325 245
345 245
265 260
285 260
305 260
200 870
220 870
245 870
200 890
220 890
240 890
200 910
220 910
240 910
200 930
220 930
245 930
250.0 950.0
230.0 950.0
210.0 950.0
260 890
260 910
235 785
200 790
220 800
250.0 800.0
250.0 850.0
225.0 850.0
200.0 850.0
255 780
205.0 750.0
225.0 750.0
250.0 745.0
250.0 725.0
250.0 705.0
240 765
200 770
220 770
250.0 645.0
250.0 625.0
195.0 650.0
195 670
190 690
250.0 685.0
250.0 665.0
250.0 600.0
245 360
245 395
249.44105255707962 415.6419296879793
230.28696732985668 380.5261067714039
220.7099247162452 362.9681953131162
190 265
225 275
205 280
245 280
230 295
190 300
210 300
245 310
225 315
245 330
210 335
230 345
196.76731818221654 319.073416667397
177.6132329549936 283.9575937508216
260 345
185 185
210 200
230 200
190 205
205 220
245 220
185 225
225 225
200 240
245 240
180 245
225 245
250.0 200.0
210 260
245 260
200 100
200 120
185 135
200.0 150.0
180 160
200 170
200 50
185 65
200 80
180 85
110 870
130 880
110 890
130 900
95.0 950.0
150.0 895.0
150.0 875.0
105 790
125 790
145 790
105 810
125 810
100 830
130 830
115 845
150.0 850.0
150.0 830.0
150.0 810.0
95.0 850.0
130 860
100 700
100 730
105.0 750.0
125.0 750.0
145.0 750.0
110 770
130 770
150.0 770.0
150.0 650.0
175.0 650.0
150.0 690.0
150.0 670.0
170 670
170 690
168.03619034138214 266.39968229253395
140 190
140 210
148.8821051141592 231.28385937595857
160 195
165 215
158.45914772777067 248.84177083424623
145 105
105 110
125 115
145 125
125 135
145 145
103.39115269950474 147.88377994909206
91.41984943249042 125.93639062623242
175 105
165 125
165 145
125 155
145 165
125 175
165 175
110 50
130 50
105 70
125 70
145 70
110 90
130 90
150.0 50.0
170 50
165 70
160 90
50 870
70 870
90 870
50 890
70 890
90 890
50 910
70 910
90 910
50 930
70 930
90 930
75.0 950.0
55.0 950.0
75 780
50 785
65 800
85 800
75.0 850.0
55.0 850.0
50 700
70 700
85 715
50 720
70 730
55 745
85 745
70 760
50 765
90 765
81.84280681887896 108.37847916794476
50 50
70 50
90 50
85 70
90 90
69.87150355186463 86.43108984508513
60.29446093825317 68.87317838679746
