0 5

0.0 -80.0
0.0 -70.0
-2.5 -60.0
0.0 -50.0
-7.5 -42.5
0.0 -35.0
0.0 -25.0
67.5 -25.0
77.5 -25.0
-5.0 -15.0
5.0 -15.0
-15.0 -10.0
20.0 -10.0
-25.0 -7.5
10.0 -5.0
0.0 -2.5
-10.0 0.0
-20.0 2.5
7.5 5.0
17.5 5.0
-2.5 7.5
47.5 7.5
-12.5 10.0
12.5 15.0
-52.5 17.5
0.0 17.5
22.5 17.5
-10.0 20.0
72.5 22.5
82.5 25.0
-10.0 30.0
0.0 30.0
0.0 42.5
0.0 60.0
0.0 70.0
2.5 80.0
0.0 90.0
6.492189925323616 50.42327693389239
8.439846902920701 35.550260014060115
9.738284887985424 25.634915400838594
19.878642543650592 28.09006644241783
25.79773757275099 36.15011073736305
34.67638011640158 48.24017717978088
53.3376092327924 71.15341239042661
48.675218465584805 62.306824780853226
44.01282769837721 53.46023717127984
35.85364385576392 37.97870885452642
30.025655396754424 26.92047434255968
28.535826651341416 9.011313679370973
38.07165330268283 12.022627358741946
52.375393279694954 16.539597877798407
61.91121993103637 19.55091155716938
36.25704047191998 2.1743875919620983
27.2196620829846 -2.10647585542835
35.68769663984747 -11.269798938899203
49.9914366168596 -15.786769457955662
59.52726326820102 -18.798083137326635
40.7483341892321 -20.95805569820535
25.952425331749936 -18.49207088862499
13.959547514550199 -20.03002214747261
19.878642543650592 -28.09006644241783
28.757285087301184 -40.18013288483566
46.51457017460237 -64.36026576967132
37.149337094575756 -58.430348718526645
30.199116126101007 -51.240464958035524
18.036229431270193 -38.65816837717607
9.34845322067676 -29.67081367656217
-9.089065895453063 -30.592587707449354
-13.959547514550199 -20.03002214747261
-19.878642543650592 -28.09006644241783
-25.79773757275099 -36.15011073736305
-34.67638011640158 -48.24017717978088
-48.675218465584805 -62.306824780853226
-44.01282769837721 -53.46023717127984
-35.85364385576392 -37.97870885452642
-30.025655396754424 -26.92047434255968
-25.363264629546826 -18.073886732986296
-35.68769663984747 -11.269798938899203
-49.9914366168596 -15.786769457955662
-69.06308991954243 -21.80939681669761
-78.59891657088386 -24.820710496068582
-61.1098310414923 -13.946762072285825
-45.294418860855366 -6.455251039352543
-33.99769587468614 -1.1041717301144836
-28.535826651341416 9.011313679370973
-38.07165330268283 12.022627358741946
-80.9828732337192 25.573538915911325
-70.3401519041964 25.890025317366067
-60.47621266587497 24.246035444312497
-43.21431899881245 21.369053166468742
-30.88439495091066 19.314065825151776
-21.020455712589225 17.670075952098202
-19.878642543650592 28.09006644241783
-28.757285087301184 40.18013288483566
-51.049779031525254 72.81011623950889
-44.0995580630505 65.62023247901776
-37.149337094575756 58.430348718526645
-30.199116126101007 51.240464958035524
-18.036229431270193 38.65816837717607

-95 30.0
0.0 100.0
58.0 80.0
95.0 30.0
90.06803038083928 -29.178005063473215
52.787334273643935 -74.60758717963166
-1.2984379850647232 -90.08465538677848
-53.3376092327924 -71.15341239042661
-88.13474322222527 -27.832024175439557
-58.0 80.0
