100
80.0 0.0
79.84213827426173 5.02324156234507
79.36917610515823 10.02665868514434
78.58298005829509 14.99050516685797
77.48665289029049 19.895190973188384
76.08452130361228 24.721359549995793
74.38211887106011 29.449964214774234
72.38616419728157 34.06234332520581
70.10453440350909 38.54029392813722
67.54623404016121 42.866143598319724
64.7213595499958 47.02282018339784
61.64105942206315 50.99391917989517
58.317490193712935 54.76376847429508
54.763768474295105 58.317490193712906
50.99391917989519 61.64105942206312
47.02282018339787 64.72135954999578
42.86614359831974 67.5462340401612
38.540293928137224 70.10453440350909
34.062343325205816 72.38616419728157
29.44996421477423 74.38211887106011
24.721359549995782 76.08452130361229
19.895190973188363 77.4866528902905
14.990505166857943 78.58298005829509
10.026658685144305 79.36917610515823
5.023241562345029 79.84213827426173
-4.83921179854181e-14 80.0
-5.023241562345126 79.84213827426173
-10.026658685144401 79.36917610515822
-14.99050516685804 78.58298005829508
-19.895190973188456 77.48665289029047
-24.72135954999587 76.08452130361226
-29.449964214774322 74.38211887106009
-34.06234332520589 72.38616419728153
-38.540293928137295 70.10453440350904
-42.8661435983198 67.54623404016115
-47.02282018339793 64.72135954999574
-50.99391917989526 61.641059422063066
-54.763768474295176 58.31749019371284
-58.317490193713006 54.763768474295006
-61.64105942206322 50.99391917989508
-64.72135954999588 47.02282018339774
-67.54623404016128 42.86614359831961
-70.10453440350916 38.54029392813709
-72.38616419728163 34.062343325205674
-74.38211887106017 29.449964214774088
-76.08452130361233 24.721359549995633
-77.48665289029053 19.895190973188214
-78.58298005829512 14.99050516685779
-79.36917610515825 10.026658685144152
-79.84213827426173 5.023241562344874
-80.0 -2.0336564633485124e-13
-79.84213827426171 -5.02324156234528
-79.3691761051582 -10.026658685144556
-78.58298005829505 -14.99050516685819
-77.48665289029043 -19.89519097318861
-76.0845213036122 -24.721359549996016
-74.38211887106002 -29.449964214774464
-72.38616419728145 -34.06234332520604
-70.10453440350896 -38.540293928137444
-67.54623404016107 -42.86614359831995
-64.72135954999564 -47.022820183398075
-61.641059422062966 -50.99391917989539
-58.31749019371273 -54.763768474295304
-54.76376847429488 -58.31749019371312
-50.993919179894945 -61.64105942206333
-47.02282018339763 -64.72135954999595
-42.866143598319525 -67.54623404016134
-38.54029392813703 -70.10453440350919
-34.062343325205646 -72.38616419728163
-29.44996421477409 -74.38211887106017
-24.72135954999567 -76.08452130361232
-19.895190973188285 -77.48665289029051
-14.9905051668579 -78.5829800582951
-10.026658685144298 -79.36917610515823
-5.023241562345056 -79.84213827426173
-1.4695761589768237e-14 -80.0
5.023241562345026 -79.84213827426173
10.026658685144268 -79.36917610515823
14.990505166857872 -78.58298005829512
19.895190973188257 -77.48665289029051
24.721359549995647 -76.08452130361233
29.449964214774063 -74.38211887106019
34.06234332520562 -72.38616419728166
38.54029392813701 -70.1045344035092
42.8661435983195 -67.54623404016135
47.02282018339761 -64.72135954999598
50.993919179894924 -61.64105942206334
54.763768474294835 -58.31749019371316
58.31749019371266 -54.763768474295375
61.641059422062874 -50.9939191798955
64.72135954999553 -47.02282018339821
67.54623404016095 -42.866143598320136
70.10453440350885 -38.54029392813766
72.38616419728133 -34.06234332520629
74.3821188710599 -29.44996421477476
76.0845213036121 -24.72135954999635
77.48665289029033 -19.895190973188978
78.58298005829498 -14.990505166858604
79.36917610515815 -10.026658685145007
79.84213827426169 -5.0232415623457705
80.0 -7.301370845464578e-13
