100
200.0 0.0
199.6053456856543 12.558103905862675
198.42294026289557 25.06664671286085
196.45745014573774 37.47626291714493
193.71663222572622 49.73797743297096
190.2113032590307 61.803398874989476
185.9552971776503 73.62491053693559
180.9654104932039 85.15585831301452
175.26133600877273 96.35073482034304
168.86558510040302 107.16535899579931
161.80339887498948 117.5570504584946
154.10264855515788 127.48479794973792
145.79372548428233 136.9094211857377
136.90942118573776 145.79372548428228
127.48479794973797 154.1026485551578
117.55705045849467 161.80339887498945
107.16535899579935 168.865585100403
96.35073482034306 175.26133600877273
85.15585831301453 180.9654104932039
73.62491053693557 185.9552971776503
61.803398874989455 190.21130325903073
49.73797743297091 193.71663222572624
37.47626291714486 196.45745014573774
25.066646712860763 198.42294026289557
12.558103905862572 199.6053456856543
-1.2098029496354524e-13 200.0
-12.558103905862813 199.6053456856543
-25.066646712861 198.42294026289557
-37.4762629171451 196.4574501457377
-49.73797743297114 193.71663222572616
-61.80339887498968 190.21130325903064
-73.6249105369358 185.9552971776502
-85.1558583130147 180.96541049320382
-96.35073482034325 175.26133600877262
-107.16535899579951 168.86558510040288
-117.55705045849483 161.80339887498934
-127.48479794973815 154.10264855515769
-136.90942118573795 145.7937254842821
-145.7937254842825 136.90942118573753
-154.10264855515805 127.48479794973771
-161.80339887498968 117.55705045849436
-168.86558510040322 107.16535899579902
-175.2613360087729 96.35073482034274
-180.96541049320408 85.15585831301418
-185.95529717765044 73.62491053693522
-190.21130325903084 61.80339887498908
-193.71663222572633 49.73797743297053
-196.45745014573782 37.476262917144474
-198.42294026289562 25.06664671286038
-199.60534568565433 12.558103905862186
-200.0 -5.084141158371281e-13
-199.6053456856543 -12.558103905863199
-198.4229402628955 -25.06664671286139
-196.45745014573762 -37.476262917145476
-193.71663222572607 -49.73797743297152
-190.21130325903053 -61.803398874990044
-185.95529717765004 -73.62491053693616
-180.96541049320362 -85.1558583130151
-175.26133600877242 -96.35073482034362
-168.86558510040265 -107.16535899579989
-161.80339887498909 -117.55705045849518
-154.1026485551574 -127.48479794973848
-145.79372548428182 -136.90942118573827
-136.9094211857372 -145.7937254842828
-127.48479794973737 -154.1026485551583
-117.55705045849407 -161.80339887498988
-107.16535899579883 -168.86558510040334
-96.35073482034258 -175.261336008773
-85.15585831301411 -180.9654104932041
-73.62491053693523 -185.95529717765044
-61.80339887498918 -190.2113032590308
-49.737977432970716 -193.71663222572627
-37.47626291714475 -196.45745014573777
-25.066646712860745 -198.42294026289557
-12.558103905862641 -199.6053456856543
-3.6739403974420595e-14 -200.0
12.558103905862566 -199.6053456856543
25.066646712860667 -198.4229402628956
37.47626291714468 -196.4574501457378
49.737977432970645 -193.7166322257263
61.803398874989114 -190.21130325903084
73.62491053693516 -185.95529717765044
85.15585831301405 -180.96541049320413
96.35073482034252 -175.26133600877301
107.16535899579875 -168.86558510040337
117.55705045849403 -161.80339887498994
127.4847979497373 -154.10264855515837
136.90942118573707 -145.7937254842829
145.79372548428165 -136.90942118573844
154.10264855515717 -127.48479794973875
161.80339887498883 -117.55705045849551
168.8655851004024 -107.16535899580033
175.2613360087721 -96.35073482034416
180.96541049320334 -85.15585831301573
185.95529717764975 -73.6249105369369
190.21130325903027 -61.803398874990876
193.71663222572585 -49.73797743297245
196.45745014573743 -37.47626291714651
198.42294026289537 -25.066646712862518
199.6053456856542 -12.558103905864426
200.0 -1.8253427113661445e-12
