95
50 50
200 50
200 200
350 200
350 100
400 100
400 250
500 250
500 100
600 100
600 250
750 250
750 200
900 200
900 50
950 50
950 950
50 950
50 800
100 800
100 900
150 900
150 700
200 700
200 800
300 800
300 700
250 700
250 550
350 550
350 600
300 600
300 450
400 450
400 500
450 500
450 400
550 400
550 600
650 600
650 500
700 500
700 600
800 600
800 700
750 700
750 750
700 750
700 650
650 650
650 750
600 750
600 850
500 850
500 750
400 750
400 850
350 850
350 950
300 950
300 850
200 850
200 950
100 950
100 850
50 850
50 700
100 700
100 750
150 750
150 650
200 650
200 750
250 750
250 600
300 600
300 700
250 700
250 550
200 550
200 650
150 650
150 600
100 600
100 700
50 700
50 550
100 550
100 500
150 500
150 450
100 450
100 550
50 550
50 50