374
168 52
172 61
174 71
178 80
182 89
189 97
197 104
205 110
214 116
224 120
234 124
245 126
256 128
267 128
278 127
288 125
299 121
308 116
318 110
326 102
334 93
339 83
341 73
342 63
342 52
341 42
337 33
332 25
325 19
317 14
308 10
298 8
288 7
278 8
268 10
259 14
251 19
243 25
236 33
231 42
229 52
228 62
228 72
228 82
230 91
233 100
237 108
242 116
248 123
255 129
263 133
271 136
280 139
289 141
298 141
307 140
316 138
325 135
333 131
341 126
348 120
354 114
358 107
361 100
363 92
364 84
364 76
362 68
359 60
355 53
349 47
342 42
334 38
325 35
316 33
307 31
298 30
289 29
280 29
271 29
262 30
254 31
246 33
239 35
233 38
227 42
223 47
220 53
217 60
214 68
212 76
212 84
213 92
215 100
218 107
222 114
227 120
233 126
239 131
246 135
254 138
262 140
270 141
279 141
287 139
295 136
303 133
311 129
318 123
325 116
331 108
336 100
340 91
342 82
342 72
342 62
341 52
340 42
336 33
331 25
324 19
316 14
307 10
298 7
288 5
278 5
269 6
259 9
250 13
242 18
235 24
228 31
222 38
218 47
215 56
213 65
213 74
215 83
218 92
222 100
227 108
232 115
239 121
246 126
254 131
263 135
272 138
282 140
292 141
301 141
310 140
319 138
328 135
336 131
343 126
350 120
356 114
361 107
365 100
367 92
368 84
367 76
364 68
360 61
355 55
348 50
342 45
335 41
328 38
320 36
312 34
304 33
296 33
288 33
280 34
272 36
264 38
257 41
250 45
244 50
238 55
232 61
227 68
223 76
221 84
219 92
219 100
220 107
223 114
226 120
231 126
236 131
242 135
249 138
256 140
264 141
273 141
281 140
290 138
298 135
306 131
313 126
319 120
325 114
330 107
334 100
337 92
339 84
339 76
338 68
336 61
333 55
328 50
322 45
316 41
309 38
302 36
295 34
288 33
281 33
274 33
267 34
260 36
253 38
247 41
241 45
235 50
230 55
225 61
221 68
218 76
216 84
216 92
217 100
219 107
222 114
227 120
232 126
238 131
245 135
252 138
260 140
268 141
276 141
284 140
292 138
299 135
306 131
313 126
319 120
324 114
329 107
333 100
336 92
337 84
336 76
334 68
331 61
327 55
322 50
316 45
310 41
304 38
297 36
290 34
283 33
276 33
269 33
262 34
256 36
249 38
243 41
237 45
231 50
225 55
220 61
216 68
213 76
211 84
211 92
213 100
216 107
220 114
225 120
230 126
236 131
243 135
250 138
258 140
266 141
274 141
282 140
290 138
297 135
304 131
311 126
317 120
323 114
327 107
331 100
334 92
335 84
335 76
333 68
330 61
326 55
321 50
315 45
309 41
302 38
295 36
288 34
281 33
274 33
267 33
260 34
253 36
246 38
240 41
234 45
228 50
223 55
218 61
214 68
211 76
209 84
209 92
211 100
214 107
218 114
223 120
229 126
235 131
242 135
249 138
257 140
265 141
273 141
281 140
289 138
296 135
303 131
310 126
316 120
322 114
326 107
330 100
333 92
334 84
334 76
332 68
329 61
325 55
320 50
314 45
308 41
301 38
294 36
287 34
280 33
273 33
266 33
259 34
252 36
245 38
239 41
233 45
227 50
222 55
217 61
213 68
210 76
208 84
208 92
