30 112

30 120
30 130
30 140
30 150
30 160
30 170
30 180
30 190
40 120
40 130
40 140
40 150
40 160
40 170
40 180
40 190
50 120
50 130
50 140
50 150
50 160
50 170
50 180
50 190
60 120
60 130
60 140
60 150
60 160
60 170
60 180
60 190
70 120
70 130
70 140
70 150
70 160
70 170
70 180
80 120
80 130
80 140
80 150
80 160
80 170
80 180
90 120
90 130
90 140
90 150
90 160
90 170
100 120
100 130
100 140
100 150
100 160
110 120
110 130
110 140
30 30
30 40
30 50
30 60
30 70
30 80
30 90
30 100
30 110
40 30
40 40
40 50
40 60
40 70
40 80
40 90
40 100
40 110
50 30
50 40
50 50
50 60
50 70
50 80
50 90
50 100
50 110
60 40
60 50
60 60
60 70
60 80
60 90
60 100
60 110
70 40
70 50
70 60
70 70
70 80
70 90
70 100
70 110
80 50
80 60
80 70
80 80
80 90
80 100
80 110
90 60
90 70
90 80
90 90
90 100
90 110
100 70
100 80
100 90
100 100
100 110
110 90
110 100
110 110
-50 120
-50 130
-50 140
-40 120
-40 130
-40 140
-40 150
-40 160
-30 120
-30 130
-30 140
-30 150
-30 160
-30 170
-20 120
-20 130
-20 140
-20 150
-20 160
-20 170
-20 180
-10 120
-10 130
-10 140
-10 150
-10 160
-10 170
-10 180
0 120
0 130
0 140
0 150
0 160
0 170
0 180
0 190
10 120
10 130
10 140
10 150
10 160
10 170
10 180
10 190
20 120
20 130
20 140
20 150
20 160
20 170
20 180
20 190
-50 90
-50 100
-50 110
-40 70
-40 80
-40 90
-40 100
-40 110
-30 60
-30 70
-30 80
-30 90
-30 100
-30 110
-20 50
-20 60
-20 70
-20 80
-20 90
-20 100
-20 110
-10 40
-10 50
-10 60
-10 70
-10 80
-10 90
-10 100
-10 110
0 40
0 50
0 60
0 70
0 80
0 90
0 100
0 110
10 30
10 40
10 50
10 60
10 70
10 80
10 90
10 100
10 110
20 30
20 40
20 50
20 60
20 70
20 80
20 90
20 100
20 110

30 112

120 120
120 140
140 120
140 140
120 40
120 60
120 80
120 100
140 40
140 60
140 80
140 100
160 40
160 60
160 80
160 100
180 40
180 60
180 80
120 -40
120 -20
120 0
120 20
140 -40
140 -20
140 0
140 20
160 -40
160 -20
160 0
160 20
180 -40
180 -20
180 0
180 20
200 0
120 -140
120 -120
120 -100
120 -80
120 -60
140 -140
140 -120
140 -100
140 -80
140 -60
160 -100
160 -80
160 -60
180 -80
180 -60
80 40
100 40
100 60
40 -40
40 -20
40 0
40 20
60 -40
60 -20
60 0
60 20
80 -40
80 -20
80 0
80 20
100 -40
100 -20
100 0
100 20
40 -140
40 -120
40 -100
40 -80
40 -60
60 -140
60 -120
60 -100
60 -80
60 -60
80 -140
80 -120
80 -100
80 -80
80 -60
100 -140
100 -120
100 -100
100 -80
100 -60
40 -180
40 -160
60 -180
60 -160
80 -180
80 -160
100 -160
-40 180
0 200
-40 40
-40 60
-20 40
-40 -40
-40 -20
-40 0
-40 20
-20 -40
-20 -20
-20 0
-20 20
0 -40
0 -20
0 0
0 20
20 -40
20 -20
20 0
20 20
-40 -140
-40 -120
-40 -100
-40 -80
-40 -60
-20 -140
-20 -120
-20 -100
-20 -80
-20 -60
0 -140
0 -120
0 -100
0 -80
0 -60
20 -140
20 -120
20 -100
20 -80
20 -60
-40 -180
-40 -160
-20 -180
-20 -160
0 -200
0 -180
0 -160
20 -180
20 -160
-140 120
-140 140
-120 120
-120 140
-100 120
-100 140
-100 160
-80 120
-80 140
-80 160
-80 180
-60 120
-60 140
-60 160
-60 180
-140 40
-140 60
-140 80
-140 100
-120 40
-120 60
-120 80
-120 100
-100 40
-100 60
-100 80
-100 100
-80 40
-80 60
-80 80
-80 100
-60 40
-60 60
-60 80
-60 100
-140 -40
-140 -20
-140 0
-140 20
-120 -40
-120 -20
-120 0
-120 20
-100 -40
-100 -20
-100 0
-100 20
-80 -40
-80 -20
-80 0
-80 20
-60 -40
-60 -20
-60 0
-60 20
-140 -140
-140 -120
-140 -100
-140 -80
-140 -60
-120 -140
-120 -120
-120 -100
-120 -80
-120 -60
-100 -140
-100 -120
-100 -100
-100 -80
-100 -60
-80 -140
-80 -120
-80 -100
-80 -80
-80 -60
-60 -140
-60 -120
-60 -100
-60 -80
-60 -60
-100 -160
-80 -180
-80 -160
-60 -180
-60 -160
-180 40
-180 60
-180 80
-160 40
-160 60
-160 80
-160 100
-200 0
-180 -40
-180 -20
-180 0
-180 20
-160 -40
-160 -20
-160 0
-160 20
-180 -80
-180 -60
-160 -100
-160 -80
-160 -60
