870 872

870 870
870 880
870 890
870 900
870 910
870 920
870 930
870 940
870 950
880 870
880 880
880 890
880 900
880 910
880 920
880 930
880 940
880 950
890 870
890 880
890 890
890 900
890 910
890 920
890 930
890 940
890 950
900 870
900 880
900 890
900 900
900 910
900 920
900 930
900 940
900 950
910 870
910 880
910 890
910 900
910 910
910 920
910 930
910 940
920 870
920 880
920 890
920 900
920 910
920 920
920 930
920 940
930 870
930 880
930 890
930 900
930 910
930 920
930 930
940 870
940 880
940 890
940 900
940 910
940 920
950 870
950 880
950 890
950 900
870 790
870 800
870 810
870 820
870 830
870 840
870 850
870 860
880 790
880 800
880 810
880 820
880 830
880 840
880 850
880 860
890 790
890 800
890 810
890 820
890 830
890 840
890 850
890 860
900 800
900 810
900 820
900 830
900 840
900 850
900 860
910 800
910 810
910 820
910 830
910 840
910 850
910 860
920 810
920 820
920 830
920 840
920 850
920 860
930 820
930 830
930 840
930 850
930 860
940 830
940 840
940 850
940 860
950 850
950 860
790 870
790 880
790 890
790 900
800 870
800 880
800 890
800 900
800 910
800 920
810 870
810 880
810 890
810 900
810 910
810 920
810 930
820 870
820 880
820 890
820 900
820 910
820 920
820 930
820 940
830 870
830 880
830 890
830 900
830 910
830 920
830 930
830 940
840 870
840 880
840 890
840 900
840 910
840 920
840 930
840 940
840 950
850 870
850 880
850 890
850 900
850 910
850 920
850 930
850 940
850 950
860 870
860 880
860 890
860 900
860 910
860 920
860 930
860 940
860 950
790 850
790 860
800 830
800 840
800 850
800 860
810 820
810 830
810 840
810 850
810 860
820 810
820 820
820 830
820 840
820 850
820 860
830 800
830 810
830 820
830 830
830 840
830 850
830 860
840 800
840 810
840 820
840 830
840 840
840 850
840 860
850 790
850 800
850 810
850 820
850 830
850 840
850 850
850 860
860 790
860 800
860 810
860 820
860 830
860 840
860 850
860 860

870 872

910 950
930 950
950 910
950 930
950 950
910 790
930 790
930 810
950 790
950 810
950 830
870 710
870 730
870 750
870 770
890 710
890 730
890 750
890 770
910 710
910 730
910 750
910 770
930 710
930 730
930 750
930 770
950 710
950 730
950 750
950 770
870 610
870 630
870 650
870 670
870 690
890 610
890 630
890 650
890 670
890 690
910 610
910 630
910 650
910 670
910 690
930 610
930 630
930 650
930 670
930 690
950 610
950 630
950 650
950 670
950 690
870 530
870 550
870 570
870 590
890 530
890 550
890 570
890 590
910 530
910 550
910 570
910 590
930 530
930 550
930 570
930 590
950 530
950 550
950 570
950 590
870 450
870 470
870 490
870 510
890 450
890 470
890 490
890 510
910 450
910 470
910 490
910 510
930 450
930 470
930 490
930 510
950 450
950 470
950 490
950 510
870 350
870 370
870 390
870 410
870 430
890 350
890 370
890 390
890 410
890 430
910 350
910 370
910 390
910 410
910 430
930 350
930 370
930 390
930 410
930 430
950 350
950 370
950 390
950 410
950 430
870 270
870 290
870 310
870 330
890 270
890 290
890 310
890 330
910 270
910 290
910 310
910 330
930 270
930 290
930 310
930 330
950 270
950 290
950 310
950 330
870 210
870 230
870 250
890 210
890 230
890 250
910 190
910 210
910 230
910 250
930 190
930 210
930 230
930 250
950 190
950 210
950 230
950 250
910 110
910 130
910 150
910 170
930 110
930 130
930 150
930 170
950 110
950 130
950 150
950 170
910 50
910 70
910 90
930 50
930 70
930 90
950 50
950 70
950 90
790 910
790 930
790 950
810 950
830 950
790 790
790 810
790 830
810 790
810 810
830 790
790 710
790 730
790 750
790 770
810 710
810 730
810 750
810 770
830 710
830 730
830 750
830 770
850 710
850 730
850 750
850 770
810 610
810 630
810 650
810 670
810 690
830 610
830 630
830 650
830 670
830 690
850 610
850 630
850 650
850 670
850 690
790 530
790 550
790 570
790 590
810 530
810 550
810 570
810 590
830 530
830 550
830 570
830 590
850 530
850 550
850 570
850 590
790 450
790 470
790 490
790 510
810 450
810 470
810 490
810 510
830 450
830 470
830 490
830 510
850 450
850 470
850 490
850 510
790 350
790 370
790 390
790 410
790 430
810 350
810 370
810 390
810 410
810 430
830 350
830 370
830 390
830 410
830 430
850 350
850 370
850 390
850 410
850 430
790 270
790 290
790 310
790 330
810 270
810 290
810 310
810 330
830 270
830 290
830 310
830 330
850 270
850 290
850 310
850 330
790 210
790 230
790 250
810 210
810 230
810 250
830 210
830 230
830 250
850 210
850 230
850 250
710 870
710 890
710 910
710 930
710 950
730 870
730 890
730 910
730 930
730 950
750 870
750 890
750 910
750 930
750 950
770 870
770 890
770 910
770 930
770 950
710 790
710 810
710 830
710 850
730 790
730 810
730 830
730 850
750 790
750 810
750 830
750 850
770 790
770 810
770 830
770 850
710 750
710 770
730 750
730 770
750 710
750 730
750 750
750 770
770 710
770 730
770 750
770 770
710 530
710 550
710 570
710 590
730 530
730 550
730 570
730 590
750 530
750 550
750 570
750 590
770 530
770 550
770 570
770 590
710 450
710 470
710 490
710 510
730 450
730 470
730 490
730 510
750 450
750 470
750 490
750 510
770 450
770 470
770 490
770 510
710 350
710 370
710 390
710 410
710 430
730 350
730 370
730 390
730 410
730 430
750 350
750 370
750 390
750 410
750 430
770 350
770 370
770 390
770 410
770 430
710 270
710 290
710 310
710 330
730 270
730 290
730 310
730 330
750 270
750 290
750 310
750 330
770 270
770 290
770 310
770 330
710 250
730 250
750 210
750 230
750 250
770 210
770 230
770 250
610 870
610 890
610 910
610 930
610 950
630 870
630 890
630 910
630 930
630 950
650 870
650 890
650 910
650 930
650 950
670 870
670 890
670 910
670 930
670 950
690 870
690 890
690 910
690 930
690 950
610 790
610 810
610 830
610 850
630 790
630 810
630 830
630 850
650 790
650 810
650 830
650 850
670 790
670 810
670 830
670 850
690 790
690 810
690 830
690 850
610 750
610 770
630 750
630 770
650 710
650 730
650 750
650 770
670 710
670 730
670 750
670 770
690 710
690 730
690 750
690 770
650 650
650 670
650 690
670 650
670 670
670 690
690 650
690 670
690 690
610 530
610 550
610 570
610 590
630 530
630 550
630 570
630 590
650 530
650 550
650 570
650 590
610 450
610 470
610 490
610 510
630 450
630 470
630 490
630 510
650 450
650 470
650 490
650 510
670 450
670 470
670 490
690 450
690 470
690 490
610 350
610 370
610 390
610 410
610 430
630 350
630 370
630 390
630 410
630 430
650 350
650 370
650 390
650 410
650 430
670 350
670 370
670 390
670 410
670 430
690 350
690 370
690 390
690 410
690 430
610 270
610 290
610 310
610 330
630 270
630 290
630 310
630 330
650 270
650 290
650 310
650 330
670 270
670 290
670 310
670 330
690 270
690 290
690 310
690 330
610 250
630 250
650 250
670 250
690 250
530 870
530 890
530 910
530 930
530 950
550 870
550 890
550 910
550 930
550 950
570 870
570 890
570 910
570 930
570 950
590 870
590 890
590 910
590 930
590 950
530 850
550 850
570 850
590 850
550 530
550 550
550 570
550 590
570 530
570 550
570 570
570 590
590 530
590 550
590 570
590 590
550 450
550 470
550 490
550 510
570 450
570 470
570 490
570 510
590 450
590 470
590 490
590 510
530 350
530 370
530 390
550 350
550 370
550 390
550 410
550 430
570 350
570 370
570 390
570 410
570 430
590 350
590 370
590 390
590 410
590 430
530 270
530 290
530 310
530 330
550 270
550 290
550 310
550 330
570 270
570 290
570 310
570 330
590 270
590 290
590 310
590 330
530 190
530 210
530 230
530 250
550 190
550 210
550 230
550 250
570 190
570 210
570 230
570 250
590 190
590 210
590 230
590 250
530 110
530 130
530 150
530 170
550 110
550 130
550 150
550 170
570 110
570 130
570 150
570 170
590 110
590 130
590 150
590 170
450 870
450 890
450 910
450 930
450 950
470 870
470 890
470 910
470 930
470 950
490 870
490 890
490 910
490 930
490 950
510 870
510 890
510 910
510 930
510 950
450 790
450 810
450 830
450 850
470 790
470 810
470 830
470 850
490 790
490 810
490 830
490 850
510 850
450 750
450 770
470 750
470 770
490 750
490 770
450 450
450 470
450 490
450 350
450 370
450 390
450 410
450 430
470 350
470 370
470 390
490 350
490 370
490 390
510 350
510 370
510 390
450 270
450 290
450 310
450 330
470 270
470 290
470 310
470 330
490 270
490 290
490 310
490 330
510 270
510 290
510 310
510 330
450 250
470 250
490 250
510 190
510 210
510 230
510 250
510 110
510 130
510 150
510 170
350 870
350 890
350 910
350 930
370 870
370 890
370 910
370 930
370 950
390 870
390 890
390 910
390 930
390 950
410 870
410 890
410 910
410 930
410 950
430 870
430 890
430 910
430 930
430 950
350 850
370 850
390 850
410 790
410 810
410 830
410 850
430 790
430 810
430 830
430 850
410 750
410 770
430 750
430 770
350 450
370 450
390 450
410 450
410 470
410 490
430 450
430 470
430 490
350 350
350 370
350 390
350 410
350 430
370 350
370 370
370 390
370 410
370 430
390 350
390 370
390 390
390 410
390 430
410 350
410 370
410 390
410 410
410 430
430 350
430 370
430 390
430 410
430 430
350 270
350 290
350 310
350 330
370 270
370 290
370 310
370 330
390 270
390 290
390 310
390 330
410 270
410 290
410 310
410 330
430 270
430 290
430 310
430 330
350 190
350 210
350 230
350 250
370 190
370 210
370 230
370 250
390 190
390 210
390 230
390 250
410 250
430 250
350 110
350 130
350 150
350 170
370 110
370 130
370 150
370 170
390 110
390 130
390 150
390 170
270 870
270 890
270 910
270 930
270 950
290 870
290 890
290 910
290 930
290 950
270 790
270 850
290 790
290 850
270 710
270 730
270 750
270 770
290 710
290 730
290 750
290 770
270 610
270 630
270 650
270 670
270 690
290 610
290 630
290 650
290 670
290 690
310 530
310 550
310 570
310 590
330 570
330 590
270 450
290 450
290 470
290 490
310 450
330 450
270 350
270 370
270 390
270 410
270 430
290 350
290 370
290 390
290 410
290 430
310 350
310 370
310 390
310 410
310 430
330 350
330 370
330 390
330 410
330 430
270 270
270 290
270 310
270 330
290 270
290 290
290 310
290 330
310 270
310 290
310 310
310 330
330 270
330 290
330 310
330 330
270 210
270 230
270 250
290 210
290 230
290 250
310 210
310 230
310 250
330 210
330 230
330 250
210 870
210 890
210 910
210 930
210 950
230 870
230 890
230 910
230 930
230 950
250 870
250 890
250 910
250 930
250 950
210 790
210 850
230 790
230 850
250 790
250 850
210 750
210 770
230 750
230 770
250 710
250 730
250 750
250 770
190 650
190 670
190 690
250 610
250 630
250 650
250 670
250 690
230 350
230 370
250 350
250 370
250 390
250 410
190 270
190 290
210 270
210 290
210 310
210 330
230 270
230 290
230 310
230 330
250 270
250 290
250 310
250 330
190 190
190 210
190 230
190 250
210 210
210 230
210 250
230 210
230 230
230 250
250 210
250 230
250 250
190 110
190 130
190 150
190 170
190 50
190 70
190 90
110 870
110 890
130 870
130 890
150 870
150 890
110 790
110 810
110 830
110 850
130 790
130 810
130 830
130 850
150 790
150 810
150 830
150 850
110 750
110 770
130 750
130 770
150 770
150 650
150 670
150 690
170 650
170 670
170 690
170 270
130 190
150 190
150 210
150 230
170 190
170 210
170 230
170 250
110 110
110 130
110 150
130 110
130 130
130 150
130 170
150 110
150 130
150 150
150 170
170 110
170 130
170 150
170 170
110 50
110 70
110 90
130 50
130 70
130 90
150 50
150 70
150 90
170 50
170 70
170 90
50 870
50 890
50 910
50 930
50 950
70 870
70 890
70 910
70 930
70 950
90 870
90 890
90 910
90 930
90 950
50 790
70 790
70 850
90 790
90 850
50 710
50 730
50 750
50 770
70 710
70 730
70 750
70 770
90 710
90 730
90 750
90 770
90 110
50 50
70 50
70 70
90 50
90 70
90 90
