90 38

10 10
10 20
10 30
10 40
10 50
10 60
20 -10
20 0
20 10
20 20
20 30
20 40
20 50
20 60
20 70
20 80
30 -20
30 -10
30 0
30 10
30 20
30 30
30 40
30 50
30 60
40 -20
40 -10
40 0
40 10
40 20
40 30
40 40
40 50
40 60
40 70
40 80
40 90
40 100
50 -20
50 -10
50 0
50 10
50 20
50 30
50 40
50 50
50 60
60 -20
60 -10
60 0
60 10
60 20
60 30
60 40
60 50
60 60
60 70
60 80
60 90
60 100
70 -20
70 -10
70 0
70 10
70 20
70 30
70 40
70 50
70 60
80 -20
80 -10
80 0
80 10
80 20
80 30
80 40
80 50
80 60
80 70
80 80
80 90
80 100
90 -20
90 -10
90 0
90 10
90 20
90 30
90 40
90 50
90 60
100 -20
100 -10
100 0
100 10
100 20
100 30
100 40
100 50
100 60
100 70
100 80
100 90
100 100
110 -20
110 -10
110 0
110 10
110 20
110 30
110 40
110 50
110 60
120 -20
120 -10
120 0
120 10
120 20
120 30
120 40
120 50
120 60
120 70
120 80
120 90
120 100
130 -20
130 -10
130 0
130 10
130 20
130 30
130 40
130 50
130 60
140 -20
140 -10
140 0
140 10
140 20
140 30
140 40
140 50
140 60
140 70
140 80
140 90
140 100
150 -20
150 -10
150 0
150 10
150 20
150 30
150 40
150 50
150 60
160 -10
160 0
160 10
160 20
160 30
160 40
160 50
160 60
160 70
160 80
170 10
170 20
170 30
170 40
170 50
170 60

0 -20
0 0
0 20
0 40
0 60
0 80
0 100
20 -20
20 100
160 -20
160 100
180 -20
180 0
180 20
180 40
180 60
180 80
180 100
200 -20
