140 68

60 40
70 20
70 30
70 40
80 10
80 20
80 30
80 40
80 50
90 0
90 10
90 20
90 30
90 40
90 50
90 60
100 0
100 10
100 20
100 30
100 40
100 50
100 60
110 0
110 10
110 20
110 30
110 40
110 50
110 60
110 70
120 0
120 10
120 20
120 30
120 40
120 50
120 60
120 70
120 80
130 0
130 10
130 20
130 30
130 40
130 50
130 60
130 70
130 80
140 0
140 10
140 20
140 30
140 40
140 50
140 60
140 70
140 80
140 90
150 0
150 10
150 20
150 30
150 40
150 50
150 60
150 70
150 80
150 90
150 100
160 0
160 10
160 20
160 30
160 40
160 50
160 60
160 70
160 80
160 90
160 100
160 110
160 120
160 130
170 0
170 10
170 20
170 30
170 40
170 50
170 60
170 70
170 80
170 90
170 100
170 110
170 120
170 130
170 140
180 0
180 10
180 20
180 30
180 40
180 50
180 60
180 70
180 80
180 90
180 100
180 110
180 120
180 130
180 140
190 0
190 10
190 20
190 30
190 40
190 50
190 60
190 70
190 80
190 90
190 100
190 110
190 120
190 130
200 10
200 20
200 30
200 40
200 50
200 60
200 70
200 80
200 90
200 100
200 110
200 120

0 0
20 0
40 0
40 20
60 0
60 20
80 0
180 160
180 180
200 0
200 140
200 160
200 180
200 200
200 220
200 240
