75 80

0 40
0 50
0 60
0 70
0 80
0 90
0 100
0 110
0 120
10 30
10 40
10 50
10 60
10 70
10 80
10 90
10 100
10 110
10 120
10 130
20 20
20 30
20 40
20 50
20 60
20 70
20 80
20 90
20 100
20 110
20 120
20 130
20 140
30 10
30 20
30 30
30 40
30 50
30 60
30 70
30 80
30 90
30 100
30 110
30 120
30 130
30 140
30 150
40 10
40 20
40 30
40 40
40 50
40 60
40 70
40 80
40 90
40 100
40 110
40 120
40 130
40 140
40 150
50 0
50 10
50 20
50 30
50 40
50 50
50 60
50 70
50 80
50 90
50 100
50 110
50 120
50 130
50 140
50 150
60 0
60 10
60 20
60 30
60 40
60 50
60 60
60 70
60 80
60 90
60 100
60 110
60 120
60 130
60 140
60 150
70 0
70 10
70 20
70 30
70 40
70 50
70 60
70 70
70 80
70 90
70 100
70 110
70 120
70 130
70 140
70 150
80 0
80 10
80 20
80 30
80 40
80 50
80 60
80 70
80 80
80 90
80 100
80 110
80 120
80 130
80 140
80 150
90 0
90 10
90 20
90 30
90 40
90 50
90 60
90 70
90 80
90 90
90 100
90 110
90 120
90 130
90 140
90 150
100 0
100 10
100 20
100 30
100 40
100 50
100 60
100 70
100 80
100 90
100 100
100 110
100 120
100 130
100 140
100 150
110 10
110 20
110 30
110 40
110 50
110 60
110 70
110 80
110 90
110 100
110 110
110 120
110 130
110 140
110 150
120 10
120 20
120 30
120 40
120 50
120 60
120 70
120 80
120 90
120 100
120 110
120 120
120 130
120 140
120 150
130 20
130 30
130 40
130 50
130 60
130 70
130 80
130 90
130 100
130 110
130 120
130 130
130 140
140 30
140 40
140 50
140 60
140 70
140 80
140 90
140 100
140 110
140 120
140 130
150 40
150 50
150 60
150 70
150 80
150 90
150 100
150 110
150 120

0 0
0 20
0 140
20 0
40 0
120 0
140 0
140 20
140 140
