0 5

0 0
0 10
0 20
0 30
0 40
0 50
0 60
0 70
0 80
10 0
10 10
10 20
10 30
10 40
10 50
10 60
10 70
20 0
20 10
20 20
20 30
20 40
20 50
20 60
20 70
30 0
30 10
30 20
30 30
30 40
30 50
30 60
30 70
40 0
40 10
40 20
40 30
40 40
40 50
40 60
50 0
50 10
50 20
50 30
50 40
50 50
50 60
60 0
60 10
60 20
60 30
60 40
60 50
70 0
70 10
70 20
70 30
80 0
0 -80
0 -70
0 -60
0 -50
0 -40
0 -30
0 -20
0 -10
10 -70
10 -60
10 -50
10 -40
10 -30
10 -20
10 -10
20 -70
20 -60
20 -50
20 -40
20 -30
20 -20
20 -10
30 -70
30 -60
30 -50
30 -40
30 -30
30 -20
30 -10
40 -60
40 -50
40 -40
40 -30
40 -20
40 -10
50 -60
50 -50
50 -40
50 -30
50 -20
50 -10
60 -50
60 -40
60 -30
60 -20
60 -10
70 -30
70 -20
70 -10
-80 0
-70 0
-70 10
-70 20
-70 30
-60 0
-60 10
-60 20
-60 30
-60 40
-60 50
-50 0
-50 10
-50 20
-50 30
-50 40
-50 50
-50 60
-40 0
-40 10
-40 20
-40 30
-40 40
-40 50
-40 60
-30 0
-30 10
-30 20
-30 30
-30 40
-30 50
-30 60
-30 70
-20 0
-20 10
-20 20
-20 30
-20 40
-20 50
-20 60
-20 70
-10 0
-10 10
-10 20
-10 30
-10 40
-10 50
-10 60
-10 70
-70 -30
-70 -20
-70 -10
-60 -50
-60 -40
-60 -30
-60 -20
-60 -10
-50 -60
-50 -50
-50 -40
-50 -30
-50 -20
-50 -10
-40 -60
-40 -50
-40 -40
-40 -30
-40 -20
-40 -10
-30 -70
-30 -60
-30 -50
-30 -40
-30 -30
-30 -20
-30 -10
-20 -70
-20 -60
-20 -50
-20 -40
-20 -30
-20 -20
-20 -10
-10 -70
-10 -60
-10 -50
-10 -40
-10 -30
-10 -20
-10 -10

0 5

