22 114

33.826859021798505 115
33.826859021798505 125
33.826859021798505 135
33.826859021798505 145
33.826859021798505 155
33.826859021798505 165
33.826859021798505 175
33.826859021798505 185
33.826859021798505 195
42.487113059642894 120
42.487113059642894 130
42.487113059642894 140
42.487113059642894 150
42.487113059642894 160
42.487113059642894 170
42.487113059642894 180
42.487113059642894 190
51.14736709748728 115
51.14736709748728 125
51.14736709748728 135
51.14736709748728 145
51.14736709748728 155
51.14736709748728 165
51.14736709748728 175
51.14736709748728 185
59.80762113533167 120
59.80762113533167 130
59.80762113533167 140
59.80762113533167 150
59.80762113533167 160
59.80762113533167 170
59.80762113533167 180
59.80762113533167 190
68.46787517317605 115
68.46787517317605 125
68.46787517317605 135
68.46787517317605 145
68.46787517317605 155
68.46787517317605 165
68.46787517317605 175
68.46787517317605 185
77.12812921102044 120
77.12812921102044 130
77.12812921102044 140
77.12812921102044 150
77.12812921102044 160
77.12812921102044 170
85.78838324886482 115
85.78838324886482 125
85.78838324886482 135
85.78838324886482 145
85.78838324886482 155
85.78838324886482 165
94.4486372867092 120
94.4486372867092 130
94.4486372867092 140
94.4486372867092 150
103.10889132455358 115
103.10889132455358 125
103.10889132455358 135
33.826859021798505 35
33.826859021798505 45
33.826859021798505 55
33.826859021798505 65
33.826859021798505 75
33.826859021798505 85
33.826859021798505 95
33.826859021798505 105
42.487113059642894 40
42.487113059642894 50
42.487113059642894 60
42.487113059642894 70
42.487113059642894 80
42.487113059642894 90
42.487113059642894 100
42.487113059642894 110
51.14736709748728 35
51.14736709748728 45
51.14736709748728 55
51.14736709748728 65
51.14736709748728 75
51.14736709748728 85
51.14736709748728 95
51.14736709748728 105
59.80762113533167 40
59.80762113533167 50
59.80762113533167 60
59.80762113533167 70
59.80762113533167 80
59.80762113533167 90
59.80762113533167 100
59.80762113533167 110
68.46787517317605 45
68.46787517317605 55
68.46787517317605 65
68.46787517317605 75
68.46787517317605 85
68.46787517317605 95
68.46787517317605 105
77.12812921102044 50
77.12812921102044 60
77.12812921102044 70
77.12812921102044 80
77.12812921102044 90
77.12812921102044 100
77.12812921102044 110
85.78838324886482 65
85.78838324886482 75
85.78838324886482 85
85.78838324886482 95
85.78838324886482 105
94.4486372867092 70
94.4486372867092 80
94.4486372867092 90
94.4486372867092 100
94.4486372867092 110
103.10889132455358 95
103.10889132455358 105
-52.77568135664538 115
-52.77568135664538 125
-52.77568135664538 135
-52.77568135664538 145
-44.11542731880099 120
-44.11542731880099 130
-44.11542731880099 140
-44.11542731880099 150
-44.11542731880099 160
-35.4551732809566 115
-35.4551732809566 125
-35.4551732809566 135
-35.4551732809566 145
-35.4551732809566 155
-35.4551732809566 165
-35.4551732809566 175
-26.79491924311221 120
-26.79491924311221 130
-26.79491924311221 140
-26.79491924311221 150
-26.79491924311221 160
-26.79491924311221 170
-26.79491924311221 180
-18.134665205267822 115
-18.134665205267822 125
-18.134665205267822 135
-18.134665205267822 145
-18.134665205267822 155
-18.134665205267822 165
-18.134665205267822 175
-18.134665205267822 185
-9.474411167423435 120
-9.474411167423435 130
-9.474411167423435 140
-9.474411167423435 150
-9.474411167423435 160
-9.474411167423435 170
-9.474411167423435 180
-9.474411167423435 190
-0.8141571295790477 115
-0.8141571295790477 125
-0.8141571295790477 135
-0.8141571295790477 145
-0.8141571295790477 155
-0.8141571295790477 165
-0.8141571295790477 175
-0.8141571295790477 185
-0.8141571295790477 195
7.84609690826534 120
7.84609690826534 130
7.84609690826534 140
7.84609690826534 150
7.84609690826534 160
7.84609690826534 170
7.84609690826534 180
7.84609690826534 190
16.506350946109727 115
16.506350946109727 125
16.506350946109727 135
16.506350946109727 145
16.506350946109727 155
16.506350946109727 165
16.506350946109727 175
16.506350946109727 185
16.506350946109727 195
25.166604983954116 120
25.166604983954116 130
25.166604983954116 140
25.166604983954116 150
25.166604983954116 160
25.166604983954116 170
25.166604983954116 180
25.166604983954116 190
-52.77568135664538 75
-52.77568135664538 85
-52.77568135664538 95
-52.77568135664538 105
-44.11542731880099 70
-44.11542731880099 80
-44.11542731880099 90
-44.11542731880099 100
-44.11542731880099 110
-35.4551732809566 55
-35.4551732809566 65
-35.4551732809566 75
-35.4551732809566 85
-35.4551732809566 95
-35.4551732809566 105
-26.79491924311221 50
-26.79491924311221 60
-26.79491924311221 70
-26.79491924311221 80
-26.79491924311221 90
-26.79491924311221 100
-26.79491924311221 110
-18.134665205267822 45
-18.134665205267822 55
-18.134665205267822 65
-18.134665205267822 75
-18.134665205267822 85
-18.134665205267822 95
-18.134665205267822 105
-9.474411167423435 40
-9.474411167423435 50
-9.474411167423435 60
-9.474411167423435 70
-9.474411167423435 80
-9.474411167423435 90
-9.474411167423435 100
-9.474411167423435 110
-0.8141571295790477 35
-0.8141571295790477 45
-0.8141571295790477 55
-0.8141571295790477 65
-0.8141571295790477 75
-0.8141571295790477 85
-0.8141571295790477 95
-0.8141571295790477 105
7.84609690826534 40
7.84609690826534 50
7.84609690826534 60
7.84609690826534 70
7.84609690826534 80
7.84609690826534 90
7.84609690826534 100
7.84609690826534 110
16.506350946109727 35
16.506350946109727 45
16.506350946109727 55
16.506350946109727 65
16.506350946109727 75
16.506350946109727 85
16.506350946109727 95
16.506350946109727 105
25.166604983954116 30
25.166604983954116 40
25.166604983954116 50
25.166604983954116 60
25.166604983954116 70
25.166604983954116 80
25.166604983954116 90
25.166604983954116 100
25.166604983954116 110
-61.43593539448977 120
-61.43593539448977 130
-61.43593539448977 100
-61.43593539448977 110

22 114

129.0896534380867 130
129.0896534380867 150
146.41016151377548 120
129.0896534380867 30
129.0896534380867 50
129.0896534380867 70
129.0896534380867 90
129.0896534380867 110
146.41016151377548 40
146.41016151377548 60
146.41016151377548 80
146.41016151377548 100
163.73066958946424 30
163.73066958946424 50
163.73066958946424 70
163.73066958946424 90
163.73066958946424 110
181.051177665153 40
181.051177665153 60
181.051177665153 80
129.0896534380867 -50
129.0896534380867 -30
129.0896534380867 -10
129.0896534380867 10
146.41016151377548 -40
146.41016151377548 -20
146.41016151377548 0
146.41016151377548 20
163.73066958946424 -50
163.73066958946424 -30
163.73066958946424 -10
163.73066958946424 10
181.051177665153 -40
181.051177665153 -20
181.051177665153 0
181.051177665153 20
198.37168574084177 -10
198.37168574084177 10
129.0896534380867 -130
129.0896534380867 -110
129.0896534380867 -90
129.0896534380867 -70
146.41016151377548 -120
146.41016151377548 -100
146.41016151377548 -80
146.41016151377548 -60
163.73066958946424 -110
163.73066958946424 -90
163.73066958946424 -70
181.051177665153 -80
181.051177665153 -60
129.0896534380867 -150
77.12812921102038 180
94.44863728670916 170
111.76914536239794 120
111.76914536239794 140
111.76914536239794 160
59.8076211353316 30
77.12812921102038 40
94.44863728670916 30
94.44863728670916 50
111.76914536239794 40
111.76914536239794 60
111.76914536239794 80
111.76914536239794 100
42.48711305964282 -40
42.48711305964282 -20
42.48711305964282 0
42.48711305964282 20
59.8076211353316 -50
59.8076211353316 -30
59.8076211353316 -10
59.8076211353316 10
77.12812921102038 -40
77.12812921102038 -20
77.12812921102038 0
77.12812921102038 20
94.44863728670916 -50
94.44863728670916 -30
94.44863728670916 -10
94.44863728670916 10
111.76914536239794 -40
111.76914536239794 -20
111.76914536239794 0
111.76914536239794 20
42.48711305964282 -140
42.48711305964282 -120
42.48711305964282 -100
42.48711305964282 -80
42.48711305964282 -60
59.8076211353316 -130
59.8076211353316 -110
59.8076211353316 -90
59.8076211353316 -70
77.12812921102038 -140
77.12812921102038 -120
77.12812921102038 -100
77.12812921102038 -80
77.12812921102038 -60
94.44863728670916 -130
94.44863728670916 -110
94.44863728670916 -90
94.44863728670916 -70
111.76914536239794 -140
111.76914536239794 -120
111.76914536239794 -100
111.76914536239794 -80
111.76914536239794 -60
42.48711305964282 -180
42.48711305964282 -160
59.8076211353316 -190
59.8076211353316 -170
59.8076211353316 -150
77.12812921102038 -180
77.12812921102038 -160
94.44863728670916 -170
94.44863728670916 -150
111.76914536239794 -160
-44.11542731880105 170
-44.11542731880105 190
-44.11542731880105 30
-44.11542731880105 50
-26.79491924311228 40
-9.474411167423504 30
-44.11542731880105 -50
-44.11542731880105 -30
-44.11542731880105 -10
-44.11542731880105 10
-26.79491924311228 -40
-26.79491924311228 -20
-26.79491924311228 0
-26.79491924311228 20
-9.474411167423504 -50
-9.474411167423504 -30
-9.474411167423504 -10
-9.474411167423504 10
7.84609690826527 -40
7.84609690826527 -20
7.84609690826527 0
7.84609690826527 20
25.166604983954045 -50
25.166604983954045 -30
25.166604983954045 -10
25.166604983954045 10
-44.11542731880105 -130
-44.11542731880105 -110
-44.11542731880105 -90
-44.11542731880105 -70
-26.79491924311228 -140
-26.79491924311228 -120
-26.79491924311228 -100
-26.79491924311228 -80
-26.79491924311228 -60
-9.474411167423504 -130
-9.474411167423504 -110
-9.474411167423504 -90
-9.474411167423504 -70
7.84609690826527 -140
7.84609690826527 -120
7.84609690826527 -100
7.84609690826527 -80
7.84609690826527 -60
25.166604983954045 -130
25.166604983954045 -110
25.166604983954045 -90
25.166604983954045 -70
-44.11542731880105 -190
-44.11542731880105 -170
-44.11542731880105 -150
-26.79491924311228 -180
-26.79491924311228 -160
-9.474411167423504 -190
-9.474411167423504 -170
-9.474411167423504 -150
7.84609690826527 -180
7.84609690826527 -160
25.166604983954045 -190
25.166604983954045 -170
25.166604983954045 -150
-130.71796769724494 120
-130.71796769724494 140
-113.39745962155617 130
-113.39745962155617 150
-96.07695154586739 120
-96.07695154586739 140
-96.07695154586739 160
-78.75644347017861 130
-78.75644347017861 150
-78.75644347017861 170
-61.43593539448983 140
-61.43593539448983 160
-61.43593539448983 180
-130.71796769724494 40
-130.71796769724494 60
-130.71796769724494 80
-130.71796769724494 100
-113.39745962155617 30
-113.39745962155617 50
-113.39745962155617 70
-113.39745962155617 90
-113.39745962155617 110
-96.07695154586739 40
-96.07695154586739 60
-96.07695154586739 80
-96.07695154586739 100
-78.75644347017861 30
-78.75644347017861 50
-78.75644347017861 70
-78.75644347017861 90
-78.75644347017861 110
-61.43593539448983 40
-61.43593539448983 60
-61.43593539448983 80
-130.71796769724494 -40
-130.71796769724494 -20
-130.71796769724494 0
-130.71796769724494 20
-113.39745962155617 -50
-113.39745962155617 -30
-113.39745962155617 -10
-113.39745962155617 10
-96.07695154586739 -40
-96.07695154586739 -20
-96.07695154586739 0
-96.07695154586739 20
-78.75644347017861 -50
-78.75644347017861 -30
-78.75644347017861 -10
-78.75644347017861 10
-61.43593539448983 -40
-61.43593539448983 -20
-61.43593539448983 0
-61.43593539448983 20
-130.71796769724494 -140
-130.71796769724494 -120
-130.71796769724494 -100
-130.71796769724494 -80
-130.71796769724494 -60
-113.39745962155617 -130
-113.39745962155617 -110
-113.39745962155617 -90
-113.39745962155617 -70
-96.07695154586739 -140
-96.07695154586739 -120
-96.07695154586739 -100
-96.07695154586739 -80
-96.07695154586739 -60
-78.75644347017861 -130
-78.75644347017861 -110
-78.75644347017861 -90
-78.75644347017861 -70
-61.43593539448983 -140
-61.43593539448983 -120
-61.43593539448983 -100
-61.43593539448983 -80
-61.43593539448983 -60
-113.39745962155617 -150
-96.07695154586739 -160
-78.75644347017861 -170
-78.75644347017861 -150
-61.43593539448983 -180
-61.43593539448983 -160
-148.0384757729337 130
-182.67949192431124 30
-182.67949192431124 50
-182.67949192431124 70
-165.35898384862247 40
-165.35898384862247 60
-165.35898384862247 80
-165.35898384862247 100
-148.0384757729337 30
-148.0384757729337 50
-148.0384757729337 70
-148.0384757729337 90
-148.0384757729337 110
-200 0
-182.67949192431124 -50
-182.67949192431124 -30
-182.67949192431124 -10
-182.67949192431124 10
-165.35898384862247 -40
-165.35898384862247 -20
-165.35898384862247 0
-165.35898384862247 20
-148.0384757729337 -50
-148.0384757729337 -30
-148.0384757729337 -10
-148.0384757729337 10
-182.67949192431124 -70
-165.35898384862247 -100
-165.35898384862247 -80
-165.35898384862247 -60
-148.0384757729337 -130
-148.0384757729337 -110
-148.0384757729337 -90
-148.0384757729337 -70
