852 869

864.0638795573734 870
864.0638795573734 880
864.0638795573734 890
864.0638795573734 900
864.0638795573734 910
864.0638795573734 920
864.0638795573734 930
864.0638795573734 940
864.0638795573734 950
872.7241335952178 865
872.7241335952178 875
872.7241335952178 885
872.7241335952178 895
872.7241335952178 905
872.7241335952178 915
872.7241335952178 925
872.7241335952178 935
872.7241335952178 945
881.3843876330623 870
881.3843876330623 880
881.3843876330623 890
881.3843876330623 900
881.3843876330623 910
881.3843876330623 920
881.3843876330623 930
881.3843876330623 940
890.0446416709067 865
890.0446416709067 875
890.0446416709067 885
890.0446416709067 895
890.0446416709067 905
890.0446416709067 915
890.0446416709067 925
890.0446416709067 935
890.0446416709067 945
898.7048957087511 870
898.7048957087511 880
898.7048957087511 890
898.7048957087511 900
898.7048957087511 910
898.7048957087511 920
898.7048957087511 930
898.7048957087511 940
907.3651497465955 865
907.3651497465955 875
907.3651497465955 885
907.3651497465955 895
907.3651497465955 905
907.3651497465955 915
907.3651497465955 925
916.02540378444 870
916.02540378444 880
916.02540378444 890
916.02540378444 900
916.02540378444 910
916.02540378444 920
924.6856578222844 865
924.6856578222844 875
924.6856578222844 885
924.6856578222844 895
924.6856578222844 905
933.3459118601288 870
933.3459118601288 880
933.3459118601288 890
864.0638795573734 790
864.0638795573734 800
864.0638795573734 810
864.0638795573734 820
864.0638795573734 830
864.0638795573734 840
864.0638795573734 850
864.0638795573734 860
872.7241335952178 795
872.7241335952178 805
872.7241335952178 815
872.7241335952178 825
872.7241335952178 835
872.7241335952178 845
872.7241335952178 855
881.3843876330623 790
881.3843876330623 800
881.3843876330623 810
881.3843876330623 820
881.3843876330623 830
881.3843876330623 840
881.3843876330623 850
881.3843876330623 860
890.0446416709067 795
890.0446416709067 805
890.0446416709067 815
890.0446416709067 825
890.0446416709067 835
890.0446416709067 845
890.0446416709067 855
898.7048957087511 800
898.7048957087511 810
898.7048957087511 820
898.7048957087511 830
898.7048957087511 840
898.7048957087511 850
898.7048957087511 860
907.3651497465955 805
907.3651497465955 815
907.3651497465955 825
907.3651497465955 835
907.3651497465955 845
907.3651497465955 855
916.02540378444 820
916.02540378444 830
916.02540378444 840
916.02540378444 850
916.02540378444 860
924.6856578222844 825
924.6856578222844 835
924.6856578222844 845
924.6856578222844 855
933.3459118601288 850
933.3459118601288 860
786.1215932167736 865
786.1215932167736 875
786.1215932167736 885
786.1215932167736 895
786.1215932167736 905
786.1215932167736 915
794.781847254618 870
794.781847254618 880
794.781847254618 890
794.781847254618 900
794.781847254618 910
794.781847254618 920
794.781847254618 930
803.4421012924624 865
803.4421012924624 875
803.4421012924624 885
803.4421012924624 895
803.4421012924624 905
803.4421012924624 915
803.4421012924624 925
803.4421012924624 935
812.1023553303069 870
812.1023553303069 880
812.1023553303069 890
812.1023553303069 900
812.1023553303069 910
812.1023553303069 920
812.1023553303069 930
812.1023553303069 940
820.7626093681513 865
820.7626093681513 875
820.7626093681513 885
820.7626093681513 895
820.7626093681513 905
820.7626093681513 915
820.7626093681513 925
820.7626093681513 935
820.7626093681513 945
829.4228634059957 870
829.4228634059957 880
829.4228634059957 890
829.4228634059957 900
829.4228634059957 910
829.4228634059957 920
829.4228634059957 930
829.4228634059957 940
829.4228634059957 950
838.0831174438401 865
838.0831174438401 875
838.0831174438401 885
838.0831174438401 895
838.0831174438401 905
838.0831174438401 915
838.0831174438401 925
838.0831174438401 935
838.0831174438401 945
846.7433714816846 870
846.7433714816846 880
846.7433714816846 890
846.7433714816846 900
846.7433714816846 910
846.7433714816846 920
846.7433714816846 930
846.7433714816846 940
846.7433714816846 950
855.403625519529 865
855.403625519529 875
855.403625519529 885
855.403625519529 895
855.403625519529 905
855.403625519529 915
855.403625519529 925
855.403625519529 935
855.403625519529 945
786.1215932167736 825
786.1215932167736 835
786.1215932167736 845
786.1215932167736 855
794.781847254618 810
794.781847254618 820
794.781847254618 830
794.781847254618 840
794.781847254618 850
794.781847254618 860
803.4421012924624 805
803.4421012924624 815
803.4421012924624 825
803.4421012924624 835
803.4421012924624 845
803.4421012924624 855
812.1023553303069 800
812.1023553303069 810
812.1023553303069 820
812.1023553303069 830
812.1023553303069 840
812.1023553303069 850
812.1023553303069 860
820.7626093681513 795
820.7626093681513 805
820.7626093681513 815
820.7626093681513 825
820.7626093681513 835
820.7626093681513 845
820.7626093681513 855
829.4228634059957 790
829.4228634059957 800
829.4228634059957 810
829.4228634059957 820
829.4228634059957 830
829.4228634059957 840
829.4228634059957 850
829.4228634059957 860
838.0831174438401 795
838.0831174438401 805
838.0831174438401 815
838.0831174438401 825
838.0831174438401 835
838.0831174438401 845
838.0831174438401 855
846.7433714816846 790
846.7433714816846 800
846.7433714816846 810
846.7433714816846 820
846.7433714816846 830
846.7433714816846 840
846.7433714816846 850
846.7433714816846 860
855.403625519529 785
855.403625519529 795
855.403625519529 805
855.403625519529 815
855.403625519529 825
855.403625519529 835
855.403625519529 845
855.403625519529 855
768.8010851410847 865
768.8010851410847 875
768.8010851410847 885
777.4613391789292 870
777.4613391789292 880
777.4613391789292 890
777.4613391789292 900
768.8010851410847 855
777.4613391789292 830
777.4613391789292 840
777.4613391789292 850
777.4613391789292 860

852 869

881.3843876330606 950
916.025403784438 930
916.025403784438 950
933.3459118601268 900
933.3459118601268 920
933.3459118601268 940
864.0638795573718 780
898.7048957087493 780
916.025403784438 790
916.025403784438 810
933.3459118601268 780
933.3459118601268 800
933.3459118601268 820
933.3459118601268 840
864.0638795573718 700
864.0638795573718 720
864.0638795573718 740
864.0638795573718 760
881.3843876330606 710
881.3843876330606 730
881.3843876330606 750
881.3843876330606 770
898.7048957087493 700
898.7048957087493 720
898.7048957087493 740
898.7048957087493 760
916.025403784438 710
916.025403784438 730
916.025403784438 750
916.025403784438 770
933.3459118601268 700
933.3459118601268 720
933.3459118601268 740
933.3459118601268 760
864.0638795573718 620
864.0638795573718 640
864.0638795573718 660
864.0638795573718 680
881.3843876330606 610
881.3843876330606 630
881.3843876330606 650
881.3843876330606 670
881.3843876330606 690
898.7048957087493 620
898.7048957087493 640
898.7048957087493 660
898.7048957087493 680
916.025403784438 610
916.025403784438 630
916.025403784438 650
916.025403784438 670
916.025403784438 690
933.3459118601268 620
933.3459118601268 640
933.3459118601268 660
933.3459118601268 680
864.0638795573718 540
864.0638795573718 560
864.0638795573718 580
864.0638795573718 600
881.3843876330606 530
881.3843876330606 550
881.3843876330606 570
881.3843876330606 590
898.7048957087493 540
898.7048957087493 560
898.7048957087493 580
898.7048957087493 600
916.025403784438 530
916.025403784438 550
916.025403784438 570
916.025403784438 590
933.3459118601268 540
933.3459118601268 560
933.3459118601268 580
933.3459118601268 600
864.0638795573718 440
864.0638795573718 460
864.0638795573718 480
864.0638795573718 500
864.0638795573718 520
881.3843876330606 450
881.3843876330606 470
881.3843876330606 490
881.3843876330606 510
898.7048957087493 440
898.7048957087493 460
898.7048957087493 480
898.7048957087493 500
898.7048957087493 520
916.025403784438 450
916.025403784438 470
916.025403784438 490
916.025403784438 510
933.3459118601268 440
933.3459118601268 460
933.3459118601268 480
933.3459118601268 500
933.3459118601268 520
864.0638795573718 360
864.0638795573718 380
864.0638795573718 400
864.0638795573718 420
881.3843876330606 350
881.3843876330606 370
881.3843876330606 390
881.3843876330606 410
881.3843876330606 430
898.7048957087493 360
898.7048957087493 380
898.7048957087493 400
898.7048957087493 420
916.025403784438 350
916.025403784438 370
916.025403784438 390
916.025403784438 410
916.025403784438 430
933.3459118601268 360
933.3459118601268 380
933.3459118601268 400
933.3459118601268 420
864.0638795573718 280
864.0638795573718 300
864.0638795573718 320
864.0638795573718 340
881.3843876330606 270
881.3843876330606 290
881.3843876330606 310
881.3843876330606 330
898.7048957087493 280
898.7048957087493 300
898.7048957087493 320
898.7048957087493 340
916.025403784438 270
916.025403784438 290
916.025403784438 310
916.025403784438 330
933.3459118601268 280
933.3459118601268 300
933.3459118601268 320
933.3459118601268 340
864.0638795573718 200
864.0638795573718 220
864.0638795573718 240
864.0638795573718 260
881.3843876330606 210
881.3843876330606 230
881.3843876330606 250
898.7048957087493 200
898.7048957087493 220
898.7048957087493 240
898.7048957087493 260
916.025403784438 190
916.025403784438 210
916.025403784438 230
916.025403784438 250
933.3459118601268 180
933.3459118601268 200
933.3459118601268 220
933.3459118601268 240
933.3459118601268 260
916.025403784438 110
916.025403784438 130
916.025403784438 150
916.025403784438 170
933.3459118601268 100
933.3459118601268 120
933.3459118601268 140
933.3459118601268 160
916.025403784438 50
916.025403784438 70
916.025403784438 90
933.3459118601268 60
933.3459118601268 80
794.7818472546169 940
812.1023553303056 950
794.7818472546169 780
794.7818472546169 800
812.1023553303056 790
829.4228634059943 780
794.7818472546169 700
794.7818472546169 720
794.7818472546169 740
794.7818472546169 760
812.1023553303056 710
812.1023553303056 730
812.1023553303056 750
812.1023553303056 770
829.4228634059943 700
829.4228634059943 720
829.4228634059943 740
829.4228634059943 760
846.7433714816831 710
846.7433714816831 730
846.7433714816831 750
846.7433714816831 770
812.1023553303056 610
812.1023553303056 630
812.1023553303056 650
812.1023553303056 670
812.1023553303056 690
829.4228634059943 620
829.4228634059943 640
829.4228634059943 660
829.4228634059943 680
846.7433714816831 610
846.7433714816831 630
846.7433714816831 650
846.7433714816831 670
846.7433714816831 690
794.7818472546169 540
794.7818472546169 560
794.7818472546169 580
794.7818472546169 600
812.1023553303056 530
812.1023553303056 550
812.1023553303056 570
812.1023553303056 590
829.4228634059943 540
829.4228634059943 560
829.4228634059943 580
829.4228634059943 600
846.7433714816831 530
846.7433714816831 550
846.7433714816831 570
846.7433714816831 590
794.7818472546169 440
794.7818472546169 460
794.7818472546169 480
794.7818472546169 500
794.7818472546169 520
812.1023553303056 450
812.1023553303056 470
812.1023553303056 490
812.1023553303056 510
829.4228634059943 440
829.4228634059943 460
829.4228634059943 480
829.4228634059943 500
829.4228634059943 520
846.7433714816831 450
846.7433714816831 470
846.7433714816831 490
846.7433714816831 510
794.7818472546169 360
794.7818472546169 380
794.7818472546169 400
794.7818472546169 420
812.1023553303056 350
812.1023553303056 370
812.1023553303056 390
812.1023553303056 410
812.1023553303056 430
829.4228634059943 360
829.4228634059943 380
829.4228634059943 400
829.4228634059943 420
846.7433714816831 350
846.7433714816831 370
846.7433714816831 390
846.7433714816831 410
846.7433714816831 430
794.7818472546169 280
794.7818472546169 300
794.7818472546169 320
794.7818472546169 340
812.1023553303056 270
812.1023553303056 290
812.1023553303056 310
812.1023553303056 330
829.4228634059943 280
829.4228634059943 300
829.4228634059943 320
829.4228634059943 340
846.7433714816831 270
846.7433714816831 290
846.7433714816831 310
846.7433714816831 330
794.7818472546169 200
794.7818472546169 220
794.7818472546169 240
794.7818472546169 260
812.1023553303056 210
812.1023553303056 230
812.1023553303056 250
829.4228634059943 200
829.4228634059943 220
829.4228634059943 240
829.4228634059943 260
846.7433714816831 210
846.7433714816831 230
846.7433714816831 250
708.1793068761732 870
708.1793068761732 890
708.1793068761732 910
708.1793068761732 930
708.1793068761732 950
725.4998149518619 880
725.4998149518619 900
725.4998149518619 920
725.4998149518619 940
742.8203230275507 870
742.8203230275507 890
742.8203230275507 910
742.8203230275507 930
742.8203230275507 950
760.1408311032394 880
760.1408311032394 900
760.1408311032394 920
760.1408311032394 940
777.4613391789281 910
777.4613391789281 930
777.4613391789281 950
708.1793068761732 790
708.1793068761732 810
708.1793068761732 830
708.1793068761732 850
725.4998149518619 780
725.4998149518619 800
725.4998149518619 820
725.4998149518619 840
725.4998149518619 860
742.8203230275507 790
742.8203230275507 810
742.8203230275507 830
742.8203230275507 850
760.1408311032394 780
760.1408311032394 800
760.1408311032394 820
760.1408311032394 840
760.1408311032394 860
777.4613391789281 790
777.4613391789281 810
708.1793068761732 750
708.1793068761732 770
725.4998149518619 760
742.8203230275507 750
742.8203230275507 770
760.1408311032394 700
760.1408311032394 720
760.1408311032394 740
760.1408311032394 760
777.4613391789281 710
777.4613391789281 730
777.4613391789281 750
777.4613391789281 770
708.1793068761732 530
708.1793068761732 550
708.1793068761732 570
708.1793068761732 590
725.4998149518619 540
725.4998149518619 560
725.4998149518619 580
725.4998149518619 600
742.8203230275507 530
742.8203230275507 550
742.8203230275507 570
742.8203230275507 590
760.1408311032394 540
760.1408311032394 560
760.1408311032394 580
760.1408311032394 600
777.4613391789281 530
777.4613391789281 550
777.4613391789281 570
777.4613391789281 590
708.1793068761732 450
708.1793068761732 470
708.1793068761732 490
708.1793068761732 510
725.4998149518619 440
725.4998149518619 460
725.4998149518619 480
725.4998149518619 500
725.4998149518619 520
742.8203230275507 450
742.8203230275507 470
742.8203230275507 490
742.8203230275507 510
760.1408311032394 440
760.1408311032394 460
760.1408311032394 480
760.1408311032394 500
760.1408311032394 520
777.4613391789281 450
777.4613391789281 470
777.4613391789281 490
777.4613391789281 510
708.1793068761732 350
708.1793068761732 370
708.1793068761732 390
708.1793068761732 410
708.1793068761732 430
725.4998149518619 360
725.4998149518619 380
725.4998149518619 400
725.4998149518619 420
742.8203230275507 350
742.8203230275507 370
742.8203230275507 390
742.8203230275507 410
742.8203230275507 430
760.1408311032394 360
760.1408311032394 380
760.1408311032394 400
760.1408311032394 420
777.4613391789281 350
777.4613391789281 370
777.4613391789281 390
777.4613391789281 410
777.4613391789281 430
708.1793068761732 270
708.1793068761732 290
708.1793068761732 310
708.1793068761732 330
725.4998149518619 280
725.4998149518619 300
725.4998149518619 320
725.4998149518619 340
742.8203230275507 270
742.8203230275507 290
742.8203230275507 310
742.8203230275507 330
760.1408311032394 280
760.1408311032394 300
760.1408311032394 320
760.1408311032394 340
777.4613391789281 270
777.4613391789281 290
777.4613391789281 310
777.4613391789281 330
708.1793068761732 250
725.4998149518619 260
742.8203230275507 250
760.1408311032394 200
760.1408311032394 220
760.1408311032394 240
760.1408311032394 260
777.4613391789281 210
777.4613391789281 230
777.4613391789281 250
621.5767664977295 880
621.5767664977295 900
621.5767664977295 920
621.5767664977295 940
638.8972745734183 870
638.8972745734183 890
638.8972745734183 910
638.8972745734183 930
638.8972745734183 950
656.217782649107 880
656.217782649107 900
656.217782649107 920
656.217782649107 940
673.5382907247957 870
673.5382907247957 890
673.5382907247957 910
673.5382907247957 930
673.5382907247957 950
690.8587988004845 880
690.8587988004845 900
690.8587988004845 920
690.8587988004845 940
621.5767664977295 780
621.5767664977295 800
621.5767664977295 820
621.5767664977295 840
621.5767664977295 860
638.8972745734183 790
638.8972745734183 810
638.8972745734183 830
638.8972745734183 850
656.217782649107 780
656.217782649107 800
656.217782649107 820
656.217782649107 840
656.217782649107 860
673.5382907247957 790
673.5382907247957 810
673.5382907247957 830
673.5382907247957 850
690.8587988004845 780
690.8587988004845 800
690.8587988004845 820
690.8587988004845 840
690.8587988004845 860
621.5767664977295 760
638.8972745734183 750
638.8972745734183 770
656.217782649107 700
656.217782649107 720
656.217782649107 740
656.217782649107 760
673.5382907247957 710
673.5382907247957 730
673.5382907247957 750
673.5382907247957 770
690.8587988004845 700
690.8587988004845 720
690.8587988004845 740
690.8587988004845 760
656.217782649107 660
656.217782649107 680
673.5382907247957 650
673.5382907247957 670
673.5382907247957 690
690.8587988004845 660
690.8587988004845 680
621.5767664977295 540
621.5767664977295 560
621.5767664977295 580
621.5767664977295 600
638.8972745734183 530
638.8972745734183 550
638.8972745734183 570
638.8972745734183 590
621.5767664977295 440
621.5767664977295 460
621.5767664977295 480
621.5767664977295 500
621.5767664977295 520
638.8972745734183 450
638.8972745734183 470
638.8972745734183 490
638.8972745734183 510
656.217782649107 440
656.217782649107 460
656.217782649107 480
656.217782649107 500
673.5382907247957 450
673.5382907247957 470
673.5382907247957 490
690.8587988004845 440
690.8587988004845 460
690.8587988004845 480
690.8587988004845 500
621.5767664977295 360
621.5767664977295 380
621.5767664977295 400
621.5767664977295 420
638.8972745734183 350
638.8972745734183 370
638.8972745734183 390
638.8972745734183 410
638.8972745734183 430
656.217782649107 360
656.217782649107 380
656.217782649107 400
656.217782649107 420
673.5382907247957 350
673.5382907247957 370
673.5382907247957 390
673.5382907247957 410
673.5382907247957 430
690.8587988004845 360
690.8587988004845 380
690.8587988004845 400
690.8587988004845 420
621.5767664977295 280
621.5767664977295 300
621.5767664977295 320
621.5767664977295 340
638.8972745734183 270
638.8972745734183 290
638.8972745734183 310
638.8972745734183 330
656.217782649107 280
656.217782649107 300
656.217782649107 320
656.217782649107 340
673.5382907247957 270
673.5382907247957 290
673.5382907247957 310
673.5382907247957 330
690.8587988004845 280
690.8587988004845 300
690.8587988004845 320
690.8587988004845 340
621.5767664977295 260
638.8972745734183 250
656.217782649107 260
673.5382907247957 250
690.8587988004845 260
534.9742261192858 870
534.9742261192858 890
534.9742261192858 910
534.9742261192858 930
534.9742261192858 950
552.2947341949746 880
552.2947341949746 900
552.2947341949746 920
552.2947341949746 940
569.6152422706633 870
569.6152422706633 890
569.6152422706633 910
569.6152422706633 930
569.6152422706633 950
586.935750346352 880
586.935750346352 900
586.935750346352 920
586.935750346352 940
604.2562584220408 870
604.2562584220408 890
604.2562584220408 910
604.2562584220408 930
604.2562584220408 950
534.9742261192858 850
552.2947341949746 860
569.6152422706633 850
586.935750346352 860
604.2562584220408 790
604.2562584220408 810
604.2562584220408 830
604.2562584220408 850
604.2562584220408 750
604.2562584220408 770
552.2947341949746 540
552.2947341949746 560
552.2947341949746 580
552.2947341949746 600
569.6152422706633 530
569.6152422706633 550
569.6152422706633 570
569.6152422706633 590
586.935750346352 540
586.935750346352 560
586.935750346352 580
586.935750346352 600
604.2562584220408 530
604.2562584220408 550
604.2562584220408 570
604.2562584220408 590
552.2947341949746 440
552.2947341949746 460
552.2947341949746 480
552.2947341949746 500
552.2947341949746 520
569.6152422706633 450
569.6152422706633 470
569.6152422706633 490
569.6152422706633 510
586.935750346352 440
586.935750346352 460
586.935750346352 480
586.935750346352 500
586.935750346352 520
604.2562584220408 450
604.2562584220408 470
604.2562584220408 490
604.2562584220408 510
534.9742261192858 350
534.9742261192858 370
534.9742261192858 390
552.2947341949746 360
552.2947341949746 380
552.2947341949746 400
552.2947341949746 420
569.6152422706633 350
569.6152422706633 370
569.6152422706633 390
569.6152422706633 410
569.6152422706633 430
586.935750346352 360
586.935750346352 380
586.935750346352 400
586.935750346352 420
604.2562584220408 350
604.2562584220408 370
604.2562584220408 390
604.2562584220408 410
604.2562584220408 430
534.9742261192858 270
534.9742261192858 290
534.9742261192858 310
534.9742261192858 330
552.2947341949746 280
552.2947341949746 300
552.2947341949746 320
552.2947341949746 340
569.6152422706633 270
569.6152422706633 290
569.6152422706633 310
569.6152422706633 330
586.935750346352 280
586.935750346352 300
586.935750346352 320
586.935750346352 340
604.2562584220408 270
604.2562584220408 290
604.2562584220408 310
604.2562584220408 330
534.9742261192858 190
534.9742261192858 210
534.9742261192858 230
534.9742261192858 250
552.2947341949746 180
552.2947341949746 200
552.2947341949746 220
552.2947341949746 240
552.2947341949746 260
569.6152422706633 190
569.6152422706633 210
569.6152422706633 230
569.6152422706633 250
586.935750346352 180
586.935750346352 200
586.935750346352 220
586.935750346352 240
586.935750346352 260
604.2562584220408 250
534.9742261192858 110
534.9742261192858 130
534.9742261192858 150
534.9742261192858 170
552.2947341949746 100
552.2947341949746 120
552.2947341949746 140
552.2947341949746 160
569.6152422706633 110
569.6152422706633 130
569.6152422706633 150
569.6152422706633 170
586.935750346352 100
586.935750346352 120
586.935750346352 140
586.935750346352 160
448.37168574084194 880
448.37168574084194 900
448.37168574084194 920
448.37168574084194 940
465.69219381653073 870
465.69219381653073 890
465.69219381653073 910
465.69219381653073 930
465.69219381653073 950
483.0127018922195 880
483.0127018922195 900
483.0127018922195 920
483.0127018922195 940
500.3332099679083 870
500.3332099679083 890
500.3332099679083 910
500.3332099679083 930
500.3332099679083 950
517.6537180435971 880
517.6537180435971 900
517.6537180435971 920
517.6537180435971 940
448.37168574084194 780
448.37168574084194 800
448.37168574084194 820
448.37168574084194 840
448.37168574084194 860
465.69219381653073 790
465.69219381653073 810
465.69219381653073 830
465.69219381653073 850
483.0127018922195 780
483.0127018922195 800
483.0127018922195 820
483.0127018922195 840
483.0127018922195 860
500.3332099679083 850
517.6537180435971 860
448.37168574084194 760
465.69219381653073 750
465.69219381653073 770
483.0127018922195 760
448.37168574084194 440
448.37168574084194 460
448.37168574084194 480
448.37168574084194 500
448.37168574084194 360
448.37168574084194 380
448.37168574084194 400
448.37168574084194 420
465.69219381653073 350
465.69219381653073 370
465.69219381653073 390
483.0127018922195 360
483.0127018922195 380
483.0127018922195 400
500.3332099679083 350
500.3332099679083 370
500.3332099679083 390
517.6537180435971 360
517.6537180435971 380
517.6537180435971 400
448.37168574084194 280
448.37168574084194 300
448.37168574084194 320
448.37168574084194 340
465.69219381653073 270
465.69219381653073 290
465.69219381653073 310
465.69219381653073 330
483.0127018922195 280
483.0127018922195 300
483.0127018922195 320
483.0127018922195 340
500.3332099679083 270
500.3332099679083 290
500.3332099679083 310
500.3332099679083 330
517.6537180435971 280
517.6537180435971 300
517.6537180435971 320
517.6537180435971 340
448.37168574084194 260
465.69219381653073 250
483.0127018922195 260
500.3332099679083 190
500.3332099679083 210
500.3332099679083 230
500.3332099679083 250
517.6537180435971 180
517.6537180435971 200
517.6537180435971 220
517.6537180435971 240
517.6537180435971 260
500.3332099679083 110
500.3332099679083 130
500.3332099679083 150
500.3332099679083 170
517.6537180435971 100
517.6537180435971 120
517.6537180435971 140
517.6537180435971 160
361.769145362398 870
361.769145362398 890
361.769145362398 910
361.769145362398 930
361.769145362398 950
379.08965343808677 880
379.08965343808677 900
379.08965343808677 920
379.08965343808677 940
396.41016151377556 870
396.41016151377556 890
396.41016151377556 910
396.41016151377556 930
396.41016151377556 950
413.73066958946436 880
413.73066958946436 900
413.73066958946436 920
413.73066958946436 940
431.05117766515315 870
431.05117766515315 890
431.05117766515315 910
431.05117766515315 930
431.05117766515315 950
361.769145362398 850
379.08965343808677 860
396.41016151377556 850
413.73066958946436 780
413.73066958946436 800
413.73066958946436 820
413.73066958946436 840
413.73066958946436 860
431.05117766515315 790
431.05117766515315 810
431.05117766515315 830
431.05117766515315 850
413.73066958946436 760
431.05117766515315 750
431.05117766515315 770
361.769145362398 450
379.08965343808677 440
396.41016151377556 450
413.73066958946436 440
413.73066958946436 460
413.73066958946436 480
413.73066958946436 500
431.05117766515315 450
431.05117766515315 470
431.05117766515315 490
361.769145362398 350
361.769145362398 370
361.769145362398 390
361.769145362398 410
361.769145362398 430
379.08965343808677 360
379.08965343808677 380
379.08965343808677 400
379.08965343808677 420
396.41016151377556 350
396.41016151377556 370
396.41016151377556 390
396.41016151377556 410
396.41016151377556 430
413.73066958946436 360
413.73066958946436 380
413.73066958946436 400
413.73066958946436 420
431.05117766515315 350
431.05117766515315 370
431.05117766515315 390
431.05117766515315 410
431.05117766515315 430
361.769145362398 270
361.769145362398 290
361.769145362398 310
361.769145362398 330
379.08965343808677 280
379.08965343808677 300
379.08965343808677 320
379.08965343808677 340
396.41016151377556 270
396.41016151377556 290
396.41016151377556 310
396.41016151377556 330
413.73066958946436 280
413.73066958946436 300
413.73066958946436 320
413.73066958946436 340
431.05117766515315 270
431.05117766515315 290
431.05117766515315 310
431.05117766515315 330
361.769145362398 190
361.769145362398 210
361.769145362398 230
361.769145362398 250
379.08965343808677 180
379.08965343808677 200
379.08965343808677 220
379.08965343808677 240
379.08965343808677 260
396.41016151377556 190
396.41016151377556 210
396.41016151377556 230
396.41016151377556 250
413.73066958946436 260
431.05117766515315 250
361.769145362398 110
361.769145362398 130
361.769145362398 150
361.769145362398 170
379.08965343808677 100
379.08965343808677 120
379.08965343808677 140
379.08965343808677 160
396.41016151377556 110
396.41016151377556 130
396.41016151377556 150
396.41016151377556 170
275.166604983954 880
275.166604983954 900
275.166604983954 920
275.166604983954 940
292.4871130596428 870
292.4871130596428 890
292.4871130596428 910
292.4871130596428 930
292.4871130596428 950
275.166604983954 780
275.166604983954 800
275.166604983954 860
292.4871130596428 790
292.4871130596428 850
275.166604983954 700
275.166604983954 720
275.166604983954 740
275.166604983954 760
292.4871130596428 710
292.4871130596428 730
292.4871130596428 750
292.4871130596428 770
275.166604983954 620
275.166604983954 640
275.166604983954 660
275.166604983954 680
292.4871130596428 610
292.4871130596428 630
292.4871130596428 650
292.4871130596428 670
292.4871130596428 690
275.166604983954 600
309.8076211353316 540
309.8076211353316 560
309.8076211353316 580
309.8076211353316 600
327.1281292110204 570
327.1281292110204 590
344.4486372867092 600
275.166604983954 440
275.166604983954 460
292.4871130596428 450
292.4871130596428 470
292.4871130596428 490
309.8076211353316 440
327.1281292110204 450
344.4486372867092 440
275.166604983954 360
275.166604983954 380
275.166604983954 400
275.166604983954 420
292.4871130596428 350
292.4871130596428 370
292.4871130596428 390
292.4871130596428 410
292.4871130596428 430
309.8076211353316 360
309.8076211353316 380
309.8076211353316 400
309.8076211353316 420
327.1281292110204 350
327.1281292110204 370
327.1281292110204 390
327.1281292110204 410
327.1281292110204 430
344.4486372867092 360
344.4486372867092 380
344.4486372867092 400
344.4486372867092 420
275.166604983954 280
275.166604983954 300
275.166604983954 320
275.166604983954 340
292.4871130596428 270
292.4871130596428 290
292.4871130596428 310
292.4871130596428 330
309.8076211353316 280
309.8076211353316 300
309.8076211353316 320
309.8076211353316 340
327.1281292110204 270
327.1281292110204 290
327.1281292110204 310
327.1281292110204 330
344.4486372867092 280
344.4486372867092 300
344.4486372867092 320
344.4486372867092 340
275.166604983954 200
275.166604983954 220
275.166604983954 240
275.166604983954 260
292.4871130596428 210
292.4871130596428 230
292.4871130596428 250
309.8076211353316 200
309.8076211353316 220
309.8076211353316 240
309.8076211353316 260
327.1281292110204 210
327.1281292110204 230
327.1281292110204 250
344.4486372867092 200
344.4486372867092 220
344.4486372867092 240
344.4486372867092 260
205.88457268119893 880
205.88457268119893 900
205.88457268119893 920
205.88457268119893 940
223.2050807568877 870
223.2050807568877 890
223.2050807568877 910
223.2050807568877 930
223.2050807568877 950
240.52558883257646 880
240.52558883257646 900
240.52558883257646 920
240.52558883257646 940
257.8460969082652 870
257.8460969082652 890
257.8460969082652 910
257.8460969082652 930
257.8460969082652 950
205.88457268119893 780
205.88457268119893 800
205.88457268119893 860
223.2050807568877 790
223.2050807568877 850
240.52558883257646 780
240.52558883257646 800
240.52558883257646 860
257.8460969082652 790
257.8460969082652 850
205.88457268119893 760
223.2050807568877 750
223.2050807568877 770
240.52558883257646 760
257.8460969082652 710
257.8460969082652 730
257.8460969082652 750
257.8460969082652 770
188.56406460551017 650
188.56406460551017 670
188.56406460551017 690
257.8460969082652 610
257.8460969082652 630
257.8460969082652 650
257.8460969082652 670
257.8460969082652 690
223.2050807568877 350
240.52558883257646 360
240.52558883257646 380
257.8460969082652 350
257.8460969082652 370
257.8460969082652 390
257.8460969082652 410
257.8460969082652 430
188.56406460551017 270
188.56406460551017 290
205.88457268119893 280
205.88457268119893 300
205.88457268119893 320
223.2050807568877 270
223.2050807568877 290
223.2050807568877 310
223.2050807568877 330
240.52558883257646 280
240.52558883257646 300
240.52558883257646 320
240.52558883257646 340
257.8460969082652 270
257.8460969082652 290
257.8460969082652 310
257.8460969082652 330
188.56406460551017 190
188.56406460551017 210
188.56406460551017 230
188.56406460551017 250
205.88457268119893 200
205.88457268119893 220
205.88457268119893 240
205.88457268119893 260
223.2050807568877 210
223.2050807568877 230
223.2050807568877 250
240.52558883257646 200
240.52558883257646 220
240.52558883257646 240
240.52558883257646 260
257.8460969082652 210
257.8460969082652 230
257.8460969082652 250
188.56406460551017 110
188.56406460551017 130
188.56406460551017 150
188.56406460551017 170
188.56406460551017 50
188.56406460551017 70
188.56406460551017 90
101.96152422706633 880
101.96152422706633 900
119.28203230275511 870
119.28203230275511 890
136.60254037844388 880
136.60254037844388 900
101.96152422706633 780
101.96152422706633 800
101.96152422706633 820
101.96152422706633 840
101.96152422706633 860
119.28203230275511 790
119.28203230275511 810
119.28203230275511 830
119.28203230275511 850
136.60254037844388 780
136.60254037844388 800
136.60254037844388 820
136.60254037844388 840
136.60254037844388 860
101.96152422706633 760
119.28203230275511 750
119.28203230275511 770
136.60254037844388 760
171.2435565298214 700
153.92304845413264 650
153.92304845413264 670
153.92304845413264 690
171.2435565298214 660
171.2435565298214 680
136.60254037844388 180
136.60254037844388 200
153.92304845413264 190
153.92304845413264 210
153.92304845413264 230
171.2435565298214 180
171.2435565298214 200
171.2435565298214 220
171.2435565298214 240
171.2435565298214 260
101.96152422706633 100
101.96152422706633 120
101.96152422706633 140
119.28203230275511 110
119.28203230275511 130
119.28203230275511 150
119.28203230275511 170
136.60254037844388 100
136.60254037844388 120
136.60254037844388 140
136.60254037844388 160
153.92304845413264 110
153.92304845413264 130
153.92304845413264 150
153.92304845413264 170
171.2435565298214 100
171.2435565298214 120
171.2435565298214 140
171.2435565298214 160
101.96152422706633 60
101.96152422706633 80
119.28203230275511 50
119.28203230275511 70
119.28203230275511 90
136.60254037844388 60
136.60254037844388 80
153.92304845413264 50
153.92304845413264 70
153.92304845413264 90
171.2435565298214 60
171.2435565298214 80
50 870
50 890
50 910
50 930
50 950
67.32050807568878 880
67.32050807568878 900
67.32050807568878 920
67.32050807568878 940
84.64101615137756 870
84.64101615137756 890
84.64101615137756 910
84.64101615137756 930
84.64101615137756 950
50 790
67.32050807568878 780
67.32050807568878 800
67.32050807568878 860
84.64101615137756 790
84.64101615137756 850
50 710
50 730
50 750
50 770
67.32050807568878 700
67.32050807568878 720
67.32050807568878 740
67.32050807568878 760
84.64101615137756 710
84.64101615137756 730
84.64101615137756 750
84.64101615137756 770
84.64101615137756 110
50 50
67.32050807568878 60
67.32050807568878 80
84.64101615137756 50
84.64101615137756 70
84.64101615137756 90
