233 100

289.24355652982143 125
289.24355652982143 135
297.9038105676658 130
306.56406460551017 125
315.22431864335454 120
202.64101615137758 95
202.64101615137758 105
211.30127018922198 90
211.30127018922198 110
219.96152422706638 65
219.96152422706638 95
228.62177826491077 60
228.62177826491077 90
228.62177826491077 100
228.62177826491077 110
237.28203230275517 115
237.28203230275517 125
245.94228634059957 130
254.60254037844396 135
263.26279441628833 130
263.26279441628833 140
271.9230484541327 135
280.58330249197707 130
280.58330249197707 140
219.96152422706638 45
228.62177826491077 40
237.28203230275517 25
237.28203230275517 55
245.94228634059957 20
254.60254037844396 35
263.26279441628833 30
271.9230484541327 35
280.58330249197707 30
176.6602540378444 70
185.3205080756888 75
185.3205080756888 85
193.9807621135332 80
193.9807621135332 90
193.9807621135332 100

233 100

341.20508075688775 85
323.88457268119896 35
341.20508075688775 45
254.60254037844382 15
