102 55

20 40
20 50
20 60
20 70
28.66025403784439 15
28.66025403784439 25
28.66025403784439 35
28.66025403784439 45
28.66025403784439 55
28.66025403784439 65
28.66025403784439 75
28.66025403784439 85
28.66025403784439 95
37.32050807568878 0
37.32050807568878 10
37.32050807568878 20
37.32050807568878 30
37.32050807568878 40
37.32050807568878 50
37.32050807568878 60
37.32050807568878 70
37.32050807568878 80
37.32050807568878 90
37.32050807568878 100
45.98076211353317 5
45.98076211353317 15
45.98076211353317 25
45.98076211353317 35
45.98076211353317 45
45.98076211353317 55
45.98076211353317 65
45.98076211353317 75
45.98076211353317 85
45.98076211353317 95
54.641016151377556 0
54.641016151377556 10
54.641016151377556 20
54.641016151377556 30
54.641016151377556 40
54.641016151377556 50
54.641016151377556 60
54.641016151377556 70
54.641016151377556 80
54.641016151377556 90
54.641016151377556 100
63.301270189221945 5
63.301270189221945 15
63.301270189221945 25
63.301270189221945 35
63.301270189221945 45
63.301270189221945 55
63.301270189221945 65
63.301270189221945 75
63.301270189221945 85
63.301270189221945 95
71.96152422706633 0
71.96152422706633 10
71.96152422706633 20
71.96152422706633 30
71.96152422706633 40
71.96152422706633 50
71.96152422706633 60
71.96152422706633 70
71.96152422706633 80
71.96152422706633 90
71.96152422706633 100
80.62177826491072 5
80.62177826491072 15
80.62177826491072 25
80.62177826491072 35
80.62177826491072 45
80.62177826491072 55
80.62177826491072 65
80.62177826491072 75
80.62177826491072 85
80.62177826491072 95
89.2820323027551 0
89.2820323027551 10
89.2820323027551 20
89.2820323027551 30
89.2820323027551 40
89.2820323027551 50
89.2820323027551 60
89.2820323027551 70
89.2820323027551 80
89.2820323027551 90
89.2820323027551 100
97.94228634059948 5
97.94228634059948 15
97.94228634059948 25
97.94228634059948 35
97.94228634059948 45
97.94228634059948 55
97.94228634059948 65
97.94228634059948 75
97.94228634059948 85
97.94228634059948 95
106.60254037844386 0
106.60254037844386 10
106.60254037844386 20
106.60254037844386 30
106.60254037844386 40
106.60254037844386 50
106.60254037844386 60
106.60254037844386 70
106.60254037844386 80
106.60254037844386 90
106.60254037844386 100
115.26279441628824 5
115.26279441628824 15
115.26279441628824 25
115.26279441628824 35
115.26279441628824 45
115.26279441628824 55
115.26279441628824 65
115.26279441628824 75
115.26279441628824 85
115.26279441628824 95
123.92304845413263 0
123.92304845413263 10
123.92304845413263 20
123.92304845413263 30
123.92304845413263 40
123.92304845413263 50
123.92304845413263 60
123.92304845413263 70
123.92304845413263 80
123.92304845413263 90
123.92304845413263 100
132.583302491977 5
132.583302491977 15
132.583302491977 25
132.583302491977 35
132.583302491977 45
132.583302491977 55
132.583302491977 65
132.583302491977 75
132.583302491977 85
132.583302491977 95
141.2435565298214 0
141.2435565298214 10
141.2435565298214 20
141.2435565298214 30
141.2435565298214 40
141.2435565298214 50
141.2435565298214 60
141.2435565298214 70
141.2435565298214 80
141.2435565298214 90
141.2435565298214 100
149.9038105676658 5
149.9038105676658 15
149.9038105676658 25
149.9038105676658 35
149.9038105676658 45
149.9038105676658 55
149.9038105676658 65
149.9038105676658 75
149.9038105676658 85
149.9038105676658 95
158.5640646055102 0
158.5640646055102 10
158.5640646055102 20
158.5640646055102 30
158.5640646055102 40
158.5640646055102 50
158.5640646055102 60
158.5640646055102 70
158.5640646055102 80
158.5640646055102 90
158.5640646055102 100
167.2243186433546 5
167.2243186433546 15
167.2243186433546 25
167.2243186433546 35
167.2243186433546 45
167.2243186433546 55
167.2243186433546 65
167.2243186433546 75
167.2243186433546 85
167.2243186433546 95
175.884572681199 20
175.884572681199 30
175.884572681199 40
175.884572681199 50
175.884572681199 60
175.884572681199 70
175.884572681199 80
175.884572681199 90
184.54482671904339 35
184.54482671904339 45
184.54482671904339 55
184.54482671904339 65
184.54482671904339 75

20 0
20 20
20 80
20 100
175.88457268119896 10
