100 26

17.320508075688775 10
17.320508075688775 20
17.320508075688775 30
25.98076211353316 -15
25.98076211353316 -5
25.98076211353316 5
25.98076211353316 15
25.98076211353316 25
25.98076211353316 35
25.98076211353316 45
25.98076211353316 55
25.98076211353316 65
34.64101615137755 -20
34.64101615137755 -10
34.64101615137755 0
34.64101615137755 10
34.64101615137755 20
34.64101615137755 30
34.64101615137755 40
43.30127018922194 -15
43.30127018922194 -5
43.30127018922194 5
43.30127018922194 15
43.30127018922194 25
43.30127018922194 35
43.30127018922194 45
43.30127018922194 55
43.30127018922194 65
43.30127018922194 75
43.30127018922194 85
51.96152422706633 -20
51.96152422706633 -10
51.96152422706633 0
51.96152422706633 10
51.96152422706633 20
51.96152422706633 30
51.96152422706633 40
51.96152422706633 50
60.621778264910716 -15
60.621778264910716 -5
60.621778264910716 5
60.621778264910716 15
60.621778264910716 25
60.621778264910716 35
60.621778264910716 45
60.621778264910716 55
60.621778264910716 65
60.621778264910716 75
60.621778264910716 85
60.621778264910716 95
69.2820323027551 -20
69.2820323027551 -10
69.2820323027551 0
69.2820323027551 10
69.2820323027551 20
69.2820323027551 30
69.2820323027551 40
69.2820323027551 50
69.2820323027551 60
77.94228634059948 -15
77.94228634059948 -5
77.94228634059948 5
77.94228634059948 15
77.94228634059948 25
86.60254037844386 -20
86.60254037844386 -10
86.60254037844386 0
86.60254037844386 10
86.60254037844386 20
86.60254037844386 30
86.60254037844386 40
86.60254037844386 50
86.60254037844386 60
86.60254037844386 70
95.26279441628824 -15
95.26279441628824 -5
95.26279441628824 5
95.26279441628824 15
95.26279441628824 25
95.26279441628824 35
103.92304845413263 -20
103.92304845413263 -10
103.92304845413263 0
103.92304845413263 10
103.92304845413263 20
103.92304845413263 30
103.92304845413263 40
103.92304845413263 50
103.92304845413263 60
103.92304845413263 70
103.92304845413263 80
112.58330249197701 -15
112.58330249197701 -5
112.58330249197701 5
112.58330249197701 15
112.58330249197701 25
112.58330249197701 35
112.58330249197701 45
121.24355652982139 -20
121.24355652982139 -10
121.24355652982139 0
121.24355652982139 10
121.24355652982139 20
121.24355652982139 30
121.24355652982139 40
121.24355652982139 50
121.24355652982139 60
121.24355652982139 70
121.24355652982139 80
121.24355652982139 90
129.90381056766577 -15
129.90381056766577 -5
129.90381056766577 5
129.90381056766577 15
129.90381056766577 25
129.90381056766577 35
129.90381056766577 45
129.90381056766577 55
138.56406460551017 -20
138.56406460551017 -10
138.56406460551017 0
138.56406460551017 10
138.56406460551017 20
147.22431864335456 -15
147.22431864335456 -5
147.22431864335456 5
147.22431864335456 15
147.22431864335456 25
147.22431864335456 35
147.22431864335456 45
147.22431864335456 55
147.22431864335456 65
155.88457268119896 -20
155.88457268119896 -10
155.88457268119896 0
155.88457268119896 10
155.88457268119896 20
155.88457268119896 30
164.54482671904336 -15
164.54482671904336 -5
164.54482671904336 5
164.54482671904336 15
164.54482671904336 25
164.54482671904336 35
164.54482671904336 45
164.54482671904336 55
164.54482671904336 65
164.54482671904336 75
173.20508075688775 -10
173.20508075688775 0
173.20508075688775 10
173.20508075688775 20
173.20508075688775 30
173.20508075688775 40
181.86533479473215 5
181.86533479473215 15
181.86533479473215 25
181.86533479473215 35
181.86533479473215 45

0 -20
0 0
0 20
0 40
0 60
0 80
0 100
17.320508075688775 -10
173.20508075688772 -20
190.5255888325765 -10
190.5255888325765 10
190.5255888325765 30
