140 65

60.621778264910716 35
69.2820323027551 20
69.2820323027551 30
69.2820323027551 40
77.94228634059948 15
77.94228634059948 25
77.94228634059948 35
77.94228634059948 45
86.60254037844386 0
86.60254037844386 10
86.60254037844386 20
86.60254037844386 30
86.60254037844386 40
86.60254037844386 50
95.26279441628824 5
95.26279441628824 15
95.26279441628824 25
95.26279441628824 35
95.26279441628824 45
95.26279441628824 55
103.92304845413263 0
103.92304845413263 10
103.92304845413263 20
103.92304845413263 30
103.92304845413263 40
103.92304845413263 50
103.92304845413263 60
112.58330249197701 5
112.58330249197701 15
112.58330249197701 25
112.58330249197701 35
112.58330249197701 45
112.58330249197701 55
112.58330249197701 65
112.58330249197701 75
121.24355652982139 0
121.24355652982139 10
121.24355652982139 20
121.24355652982139 30
121.24355652982139 40
121.24355652982139 50
121.24355652982139 60
121.24355652982139 70
121.24355652982139 80
129.90381056766577 5
129.90381056766577 15
129.90381056766577 25
129.90381056766577 35
129.90381056766577 45
129.90381056766577 55
129.90381056766577 65
129.90381056766577 75
129.90381056766577 85
138.56406460551017 0
138.56406460551017 10
138.56406460551017 20
138.56406460551017 30
138.56406460551017 40
138.56406460551017 50
138.56406460551017 60
138.56406460551017 70
138.56406460551017 80
138.56406460551017 90
147.22431864335456 5
147.22431864335456 15
147.22431864335456 25
147.22431864335456 35
147.22431864335456 45
147.22431864335456 55
147.22431864335456 65
147.22431864335456 75
147.22431864335456 85
147.22431864335456 95
155.88457268119896 0
155.88457268119896 10
155.88457268119896 20
155.88457268119896 30
155.88457268119896 40
155.88457268119896 50
155.88457268119896 60
155.88457268119896 70
155.88457268119896 80
155.88457268119896 90
155.88457268119896 100
155.88457268119896 110
164.54482671904336 5
164.54482671904336 15
164.54482671904336 25
164.54482671904336 35
164.54482671904336 45
164.54482671904336 55
164.54482671904336 65
164.54482671904336 75
164.54482671904336 85
164.54482671904336 95
164.54482671904336 105
164.54482671904336 115
164.54482671904336 125
164.54482671904336 135
173.20508075688775 0
173.20508075688775 10
173.20508075688775 20
173.20508075688775 30
173.20508075688775 40
173.20508075688775 50
173.20508075688775 60
173.20508075688775 70
173.20508075688775 80
173.20508075688775 90
173.20508075688775 100
173.20508075688775 110
173.20508075688775 120
173.20508075688775 130
173.20508075688775 140
181.86533479473215 5
181.86533479473215 15
181.86533479473215 25
181.86533479473215 35
181.86533479473215 45
181.86533479473215 55
181.86533479473215 65
181.86533479473215 75
181.86533479473215 85
181.86533479473215 95
181.86533479473215 105
181.86533479473215 115
181.86533479473215 125
181.86533479473215 135
190.52558883257655 0
190.52558883257655 10
190.52558883257655 20
190.52558883257655 30
190.52558883257655 40
190.52558883257655 50
190.52558883257655 60
190.52558883257655 70
190.52558883257655 80
190.52558883257655 90
190.52558883257655 100
190.52558883257655 110
190.52558883257655 120
190.52558883257655 130
199.18584287042094 5
199.18584287042094 15
199.18584287042094 25
199.18584287042094 35
199.18584287042094 45
199.18584287042094 55
199.18584287042094 65
199.18584287042094 75
199.18584287042094 85
199.18584287042094 95
199.18584287042094 105
199.18584287042094 115
199.18584287042094 125

0 0
17.320508075688775 10
34.64101615137755 0
34.64101615137755 20
51.96152422706632 10
51.96152422706632 30
69.2820323027551 0
173.20508075688772 160
190.5255888325765 150
190.5255888325765 170
190.5255888325765 190
190.5255888325765 210
