-2 8

-2.057713659400509 -5
-2.057713659400509 5
-2.057713659400509 15
-2.057713659400509 25
-2.057713659400509 35
-2.057713659400509 45
-2.057713659400509 55
-2.057713659400509 65
-2.057713659400509 75
6.602540378443878 0
6.602540378443878 10
6.602540378443878 20
6.602540378443878 30
6.602540378443878 40
6.602540378443878 50
6.602540378443878 60
6.602540378443878 70
15.262794416288266 -5
15.262794416288266 5
15.262794416288266 15
15.262794416288266 25
15.262794416288266 35
15.262794416288266 45
15.262794416288266 55
15.262794416288266 65
15.262794416288266 75
23.923048454132655 0
23.923048454132655 10
23.923048454132655 20
23.923048454132655 30
23.923048454132655 40
23.923048454132655 50
23.923048454132655 60
23.923048454132655 70
32.583302491977044 -5
32.583302491977044 5
32.583302491977044 15
32.583302491977044 25
32.583302491977044 35
32.583302491977044 45
32.583302491977044 55
32.583302491977044 65
41.24355652982143 0
41.24355652982143 10
41.24355652982143 20
41.24355652982143 30
41.24355652982143 40
41.24355652982143 50
41.24355652982143 60
49.90381056766582 -5
49.90381056766582 5
49.90381056766582 15
49.90381056766582 25
49.90381056766582 35
49.90381056766582 45
49.90381056766582 55
58.56406460551021 0
58.56406460551021 10
58.56406460551021 20
58.56406460551021 30
58.56406460551021 40
58.56406460551021 50
67.2243186433546 -5
67.2243186433546 5
67.2243186433546 15
67.2243186433546 25
67.2243186433546 35
75.88457268119897 0
75.88457268119897 10
75.88457268119897 20
-2.057713659400509 -75
-2.057713659400509 -65
-2.057713659400509 -55
-2.057713659400509 -45
-2.057713659400509 -35
-2.057713659400509 -25
-2.057713659400509 -15
6.602540378443878 -70
6.602540378443878 -60
6.602540378443878 -50
6.602540378443878 -40
6.602540378443878 -30
6.602540378443878 -20
6.602540378443878 -10
15.262794416288266 -75
15.262794416288266 -65
15.262794416288266 -55
15.262794416288266 -45
15.262794416288266 -35
15.262794416288266 -25
15.262794416288266 -15
23.923048454132655 -70
23.923048454132655 -60
23.923048454132655 -50
23.923048454132655 -40
23.923048454132655 -30
23.923048454132655 -20
23.923048454132655 -10
32.583302491977044 -65
32.583302491977044 -55
32.583302491977044 -45
32.583302491977044 -35
32.583302491977044 -25
32.583302491977044 -15
41.24355652982143 -60
41.24355652982143 -50
41.24355652982143 -40
41.24355652982143 -30
41.24355652982143 -20
41.24355652982143 -10
49.90381056766582 -55
49.90381056766582 -45
49.90381056766582 -35
49.90381056766582 -25
49.90381056766582 -15
58.56406460551021 -50
58.56406460551021 -40
58.56406460551021 -30
58.56406460551021 -20
58.56406460551021 -10
67.2243186433546 -35
67.2243186433546 -25
67.2243186433546 -15
75.88457268119897 -20
75.88457268119897 -10
-80 0
-71.33974596215562 -5
-71.33974596215562 5
-71.33974596215562 15
-71.33974596215562 25
-71.33974596215562 35
-62.67949192431123 0
-62.67949192431123 10
-62.67949192431123 20
-62.67949192431123 30
-62.67949192431123 40
-54.01923788646684 -5
-54.01923788646684 5
-54.01923788646684 15
-54.01923788646684 25
-54.01923788646684 35
-54.01923788646684 45
-54.01923788646684 55
-45.35898384862245 0
-45.35898384862245 10
-45.35898384862245 20
-45.35898384862245 30
-45.35898384862245 40
-45.35898384862245 50
-45.35898384862245 60
-36.69872981077806 -5
-36.69872981077806 5
-36.69872981077806 15
-36.69872981077806 25
-36.69872981077806 35
-36.69872981077806 45
-36.69872981077806 55
-36.69872981077806 65
-28.038475772933673 0
-28.038475772933673 10
-28.038475772933673 20
-28.038475772933673 30
-28.038475772933673 40
-28.038475772933673 50
-28.038475772933673 60
-28.038475772933673 70
-19.378221735089284 -5
-19.378221735089284 5
-19.378221735089284 15
-19.378221735089284 25
-19.378221735089284 35
-19.378221735089284 45
-19.378221735089284 55
-19.378221735089284 65
-19.378221735089284 75
-10.717967697244896 0
-10.717967697244896 10
-10.717967697244896 20
-10.717967697244896 30
-10.717967697244896 40
-10.717967697244896 50
-10.717967697244896 60
-10.717967697244896 70
-71.33974596215562 -35
-71.33974596215562 -25
-71.33974596215562 -15
-62.67949192431123 -40
-62.67949192431123 -30
-62.67949192431123 -20
-62.67949192431123 -10
-54.01923788646684 -55
-54.01923788646684 -45
-54.01923788646684 -35
-54.01923788646684 -25
-54.01923788646684 -15
-45.35898384862245 -60
-45.35898384862245 -50
-45.35898384862245 -40
-45.35898384862245 -30
-45.35898384862245 -20
-45.35898384862245 -10
-36.69872981077806 -65
-36.69872981077806 -55
-36.69872981077806 -45
-36.69872981077806 -35
-36.69872981077806 -25
-36.69872981077806 -15
-28.038475772933673 -70
-28.038475772933673 -60
-28.038475772933673 -50
-28.038475772933673 -40
-28.038475772933673 -30
-28.038475772933673 -20
-28.038475772933673 -10
-19.378221735089284 -75
-19.378221735089284 -65
-19.378221735089284 -55
-19.378221735089284 -45
-19.378221735089284 -35
-19.378221735089284 -25
-19.378221735089284 -15
-10.717967697244896 -70
-10.717967697244896 -60
-10.717967697244896 -50
-10.717967697244896 -40
-10.717967697244896 -30
-10.717967697244896 -20
-10.717967697244896 -10

-2 8

