245 49

329.0 61.0
288 5
308 10
318 35
318 45
328 50
298.0 8.0
307.0 31.0
289.0 29.0
324.0 19.0
328.0 38.0
297.0 36.0
308.0 41.0
223 60
233 60
213 65
228 70
228 80
198 90
208 90
228 90
218 95
208 100
233 100
238 110
243 120
248 130
258 130
268 130
197.0 104.0
205.0 110.0
218.6423834544263 117.85695338177052
278.0 127.0
227.0 108.0
216.0 84.0
238.0 131.0
216.0 107.0
229.0 126.0
210.0 76.0
278 5
258 10
268 10
248 15
243 25
243 35
223 40
233 40
218 50
228 50
238 50
271.0 29.0
254.0 31.0
228.0 31.0
280.0 34.0
264.0 38.0
250.0 45.0
183 85
188 95
174.0 71.0
193.85786437626905 77.85786437626905
186.78679656440357 70.78679656440357
176.18019484660536 60.18019484660536
168.0 52.0

245 49

363 70
358 110
303 120
336.2360679774998 88.52786404500043
325.0 135.0
301.0 141.0
343.0 126.0
367.0 92.0
338.0 68.0
323.0 114.0
348 50
332.0 25.0
276.9029033784546 138.98058067569093
256.0 140.0
