0 5

30 40
9.089065895453063 30.592587707449354
16.919095029100397 24.06004429494522
22.83819005820079 32.12008858989044
40.59547514550198 56.3002214747261
53.3376092327924 71.15341239042661
48.675218465584805 62.306824780853226
39.35043693116962 44.61364956170645
27.694460013150625 22.49718053777299
61.91121993103637 19.55091155716938
80.9828732337192 25.573538915911325
72.40655402766153 19.29784138152388
25 -45
15 -10
25 -10
10 0
20 0
10 10
23.032069245943028 13.6505929281996
33.30373997701212 10.51697051905646
54.33179724979075 10.736114486742991
45.294418860855366 6.455251039352543
31.73835127745229 0.03395586826687236
38.07165330268283 -12.022627358741946
47.60747995402424 -15.03394103811292
57.143306605365666 -18.045254717483893
76.21495990804848 -24.06788207622584
65.40818228503568 -25.068030380839282
30.88439495091066 -19.314065825151776
16.919095029100397 -24.06004429494522
22.83819005820079 -32.12008858989044
34.67638011640158 -48.24017717978088
40.59547514550198 -56.3002214747261
46.51457017460237 -64.36026576967132
12.823563704914136 -33.265755556807726
-10 15
-40 20
5 20
-5 25
5 40
0 50
0 80
0 90
3.89531395519417 70.25396616033544
5.193751940258893 60.33862154711392
-61.91121993103637 19.55091155716938
-71.4470465823778 22.562225236540353
-50.61227342755353 22.60204557125892
-25.952425331749936 18.49207088862499
-16.919095029100397 24.06004429494522
-22.83819005820079 32.12008858989044
-51.049779031525254 72.81011623950889
-44.0995580630505 65.62023247901776
-37.149337094575756 58.430348718526645
-30.199116126101007 51.240464958035524
-23.248895157626258 44.0505811975444
-12.823563704914136 33.265755556807726
0 -70
0 -60
-40 -55
-5 -50
0 -40
0 -30
5 -20
-15 -15
-5 -15
-50 -10
5 -10
-20 -5
-10 -5
0 0
-10 5
-20 10
0 10
-9.738284887985424 -25.634915400838594
-19.878642543650592 -28.09006644241783
-25.79773757275099 -36.15011073736305
-46.51457017460237 -64.36026576967132
-39.35043693116962 -44.61364956170645
-30.025655396754424 -26.92047434255968
-25.363264629546826 -18.073886732986296
-38.07165330268283 -12.022627358741946
-57.143306605365666 -18.045254717483893
-76.92524322212923 -21.438273105219107
-67.88786483319385 -17.15740965782866
-36.25704047191998 -2.1743875919620983
-27.2196620829846 2.10647585542835
-33.30373997701212 10.51697051905646
0 -80
-80.20409114251784 27.53401519041964

0 5

58.0 80.0
95.0 30.0
85.75078655938991 -27.079195755596814
54.524889515762624 -76.40505811975444
0.0 100.0
-58.0 80.0
0 -100
-55.6688046163962 -75.5767061952133
-95 30
-90.4813108055323 -27.859568276304778
