90 38

120 20
130 20
140 20
150 20
160 20
170 20
120 30
130 30
140 30
150 30
160 30
170 30
120 40
130 40
140 40
150 40
160 40
170 40
120 50
130 50
140 50
150 50
160 50
170 50
120 60
130 60
140 60
150 60
160 60
170 60
120 70
140 70
160 70
120 80
140 80
160 85
120.0 100.0
122.42535625036334 90.29857499854668
140.0 100.0
142.42535625036334 90.29857499854668
120 -20
130 -20
140 -20
150 -20
120 -10
130 -10
140 -10
150 -10
160 -10
115 0
125 0
135 0
145 0
155 0
165 0
120 10
130 10
140 10
150 10
160 10
170 10
30 20
40 20
50 20
60 20
70 20
80 20
90 20
100 20
110 20
30 30
40 30
50 30
60 30
70 30
80 30
90 30
100 30
110 30
30 40
40 40
50 40
60 40
70 40
80 40
90 40
100 40
110 40
30 50
40 50
50 50
60 50
70 50
80 50
90 50
100 50
110 50
30 60
40 60
50 60
60 60
70 60
80 60
90 60
100 60
110 60
60 70
80 70
100 70
60 80
100 80
40 90
60 90
100 90
40.0 100.0
44.85071250072666 80.59714999709337
47.27606875108999 70.89572499564005
60.0 100.0
80.0 100.0
82.42535625036334 90.29857499854668
84.85071250072666 80.59714999709337
100.0 100.0
30 -20
40 -20
50 -20
60 -20
70 -20
80 -20
90 -20
100 -20
110 -20
30 -10
40 -10
50 -10
60 -10
70 -10
80 -10
90 -10
100 -10
110 -10
35 0
45 0
55 0
65 0
75 0
85 0
95 0
105 0
30 10
40 10
50 10
60 10
70 10
80 10
90 10
100 10
110 10
10 20
20 20
10 30
20 30
10 40
20 40
10 50
20 50
20 60
20 75
20 85
9.70142500145332 61.19429999418672
20 -10
15 0
25 0
10 10
20 10

90 38

185 40
180 60
180 80
160.0 100.0
180.0 100.0
193.1519189844286 21.0884860934285
160 -20
180 -20
175 0
196.43989873053573 1.3606076167856287
200.0 -20.0
0 25
0 45
0 80
0.0 100.0
21.212678125181665 95.14928749927334
0 -20
20 -20
0 5
