137 66

120 80
130 80
140 80
150 80
160 80
170 80
180 80
190 80
160 90
170 90
180 90
190 90
150 95
160 100
170 100
180 100
190 100
170 110
180 110
190 110
170 120
180 120
190 120
170 130
180 130
190 130
175 140
200.0 80.0
200.0 90.0
200.0 100.0
200.0 110.0
200.0 120.0
165.21494573814783 145.6448372144435
162.05266807797946 136.15800423393836
158.8903904178111 126.67117125343322
155.7281127576427 117.18433827292807
152.56583509747432 107.69750529242293
137.51924558493235 91.67949705662156
120 0
130 0
140 0
150 0
160 0
170 0
180 0
190 0
120 10
130 10
140 10
150 10
160 10
170 10
180 10
190 10
120 20
130 20
140 20
150 20
160 20
170 20
180 20
190 20
120 30
130 30
140 30
150 30
160 30
170 30
180 30
190 30
120 40
130 40
140 40
150 40
160 40
170 40
180 40
190 40
120 50
130 50
140 50
150 50
160 50
170 50
180 50
190 50
120 60
130 60
140 60
150 60
160 60
170 60
180 60
190 60
120 70
130 70
140 70
150 70
160 70
170 70
180 70
190 70
200.0 10.0
200.0 20.0
200.0 30.0
200.0 40.0
200.0 50.0
200.0 60.0
200.0 70.0
90 0
100 0
110 0
80 5
90 10
100 10
110 10
70 15
80 15
90 20
100 20
110 20
70 25
80 25
60 30
90 30
110 30
70 35
80 35
100 35
60 40
90 40
110 40
70 45
100 45
90 50
110 50
100 55
90 60
110 60
108.39748528310781 72.26499018873855
100.07698233972937 66.71798822648626
79.27572498128329 52.850483320855524

137 66

195 170
180 190
200.0 195.0
200.0 250.0
193.67544467966323 231.02633403898972
187.3508893593265 212.05266807797943
173.12063988856877 169.36191966570632
180 150
200.0 130.0
200.0 150.0
200.0 0.0
50 0
70 0
50.15396467945875 33.4359764529725
33.51295879270188 22.34197252846792
0 0
20 0
