112 51

110 20
120 20
130 20
140 20
150 20
160 20
170 20
180 20
110 30
120 30
130 30
140 30
150 30
160 30
170 30
180 30
110 40
120 40
130 40
140 40
150 40
160 40
170 40
180 40
110 50
120 50
130 50
140 50
150 50
160 50
170 50
180 50
110 60
120 60
130 60
140 60
150 60
160 60
170 60
180 60
110 70
120 70
130 70
140 70
150 70
160 70
170 70
180 70
110 80
120 80
130 80
140 80
150 80
160 80
170 80
180 80
115 90
125 90
135 90
145 90
155 90
165 90
175 90
185 90
190.0 20.0
190.0 30.0
190.0 40.0
190.0 50.0
190.0 60.0
190.0 70.0
190.0 80.0
180.0 100.0
170.0 100.0
160.0 100.0
150.0 100.0
140.0 100.0
130.0 100.0
120.0 100.0
105 0
120 0
130 0
140 0
150 0
160 0
170 0
180 0
105 10
115 10
125 10
135 10
145 10
155 10
165 10
175 10
185 10
35 15
50 20
60 20
70 20
80 20
90 20
100 20
40 25
30 30
50 30
60 30
70 30
80 30
90 30
100 30
40 35
30 40
50 40
60 40
70 40
80 40
90 40
100 40
40 45
30 50
50 50
60 50
70 50
80 50
90 50
100 50
40 55
30 60
50 60
60 60
70 60
80 60
90 60
100 60
40 65
30 70
50 70
60 70
70 70
80 70
90 70
100 70
40 75
50 80
60 80
70 80
80 80
90 80
100 80
35 85
50 90
60 90
70 90
80 90
90 90
40 95
104.0 90.0
104.0 100.0
94.0 100.0
79.0 100.0
69.0 100.0
59.0 100.0
49.0 100.0
45 0
55 0
65 0
75 0
85 0
95 0
45 10
55 10
65 10
75 10
85 10
95 10

112 51

190.0 100.0
190.0 0.0
20 20
20 40
20 60
20 80
20.0 100.0
20 0
