0 5

25 -5
60 -5
70 -5
-5 0
5 0
15 0
40 0
50 0
25 5
60 5
70 5
-5 10
5 10
15 10
35 10
45 10
25 15
55 15
65 15
-5 20
5 20
15 20
35 20
45 20
25 25
55 25
65 25
-5 30
5 30
15 30
35 30
45 30
25 35
55 35
65 35
-5 40
5 40
15 40
35 40
45 40
25 45
55 45
65 45
-5 50
5 50
15 50
35 50
45 50
25 55
-5 60
5 60
15 60
35 60
25 65
-5 70
5 70
15 70
80.0 0.0
79.36917610515823 10.02665868514434
77.48665289029049 19.895190973188384
74.38211887106011 29.449964214774234
58.317490193712935 54.76376847429508
50.99391917989519 61.64105942206312
42.86614359831974 67.5462340401612
34.062343325205816 72.38616419728157
24.721359549995782 76.08452130361229
10.026658685144305 79.36917610515823
-4.83921179854181e-14 80.0
0 -80
-5 -70
5 -70
15 -70
25 -65
-5 -60
5 -60
15 -60
35 -60
25 -55
-5 -50
5 -50
15 -50
35 -50
45 -50
25 -45
55 -45
65 -45
-5 -40
5 -40
15 -40
35 -40
45 -40
25 -35
55 -35
65 -35
-5 -30
5 -30
15 -30
35 -30
45 -30
25 -25
55 -25
65 -25
-5 -20
5 -20
15 -20
35 -20
45 -20
25 -15
55 -15
65 -15
-5 -10
5 -10
15 -10
35 -10
45 -10
10.026658685144268 -79.36917610515823
24.721359549995647 -76.08452130361233
34.06234332520562 -72.38616419728166
42.8661435983195 -67.54623404016135
50.993919179894924 -61.64105942206334
58.31749019371266 -54.763768474295375
74.3821188710599 -29.44996421477476
77.48665289029033 -19.895190973188978
79.36917610515815 -10.026658685145007
-70 -5
-60 -5
-25 -5
-80 0
-45 0
-35 0
-15 0
-70 5
-60 5
-25 5
-45 10
-35 10
-15 10
-65 15
-55 15
-25 15
-45 20
-35 20
-15 20
-65 25
-55 25
-25 25
-45 30
-35 30
-15 30
-65 35
-55 35
-25 35
-45 40
-35 40
-15 40
-65 45
-55 45
-25 45
-45 50
-35 50
-15 50
-25 55
-35 60
-15 60
-25 65
-15 70
-10.026658685144401 79.36917610515822
-24.72135954999587 76.08452130361226
-34.06234332520589 72.38616419728153
-42.8661435983198 67.54623404016115
-50.99391917989526 61.641059422063066
-58.317490193713006 54.763768474295006
-74.38211887106017 29.449964214774088
-77.48665289029053 19.895190973188214
-79.36917610515825 10.026658685144152
-15 -70
-25 -65
-35 -60
-15 -60
-25 -55
-45 -50
-35 -50
-15 -50
-65 -45
-55 -45
-25 -45
-45 -40
-35 -40
-15 -40
-65 -35
-55 -35
-25 -35
-45 -30
-35 -30
-15 -30
-65 -25
-55 -25
-25 -25
-45 -20
-35 -20
-15 -20
-65 -15
-55 -15
-25 -15
-45 -10
-35 -10
-15 -10
-79.3691761051582 -10.026658685144556
-77.48665289029043 -19.89519097318861
-74.38211887106002 -29.449964214774464
-58.31749019371273 -54.763768474295304
-50.993919179894945 -61.64105942206333
-42.866143598319525 -67.54623404016134
-34.062343325205646 -72.38616419728163
-24.72135954999567 -76.08452130361232
-10.026658685144298 -79.36917610515823

0 5

