328 371

349.15413759383875 449.95540522003205
354.23159541787044 441.26378658946606
359.23159541787044 449.92404062731043
364.3819761669707 441.35236762028916
373.7789023748296 437.93216618703207
356.54653020186475 349.96161088557324
367.1449154865286 349.961610885573
378.3287735559432 349.9616108855728
388.3272505075068 349.78708682119975
398.3257274590704 349.96161088557244
408.62648895727114 349.96161088557227
408.5348591320672 360.01828294601404
398.5348591320672 360.01828294601415
388.5348591320672 360.01828294601427
378.5348591320672 360.0182829460144
368.5348591320672 360.0182829460145
358.5348591320672 360.0182829460146
348.5348591320672 360.0182829460147
348.21776324229 377.48670437057075
348.6285216257291 394.7194770286335
349.23159541787015 415.4601865375793
349.23159541787044 432.6035325516217
353.36814399139024 368.9150313635495
353.51695588462206 385.967185332135
353.6285216257291 403.37973106647786
354.3819761669707 424.0318595446004
358.6285216257288 394.7194770286333
358.6285216257291 412.0399851043222
358.6673366337223 377.3955123251137
359.3819761669707 432.6921135824448
363.6285216257288 403.3797310664777
363.6673366337223 386.0557663629581
363.7789023748296 420.61165811134333
363.9665292760541 368.91503136354925
368.6673366337223 394.71602040080245
368.77890237482933 411.9514040734988
368.7789023748296 429.2719121491877
368.9665292760541 377.5752854013936
373.77890237482933 420.61165811134316
373.8177173828228 403.28769340782355
373.9665292760538 368.9150313635491
373.9665292760541 386.235539439238
378.77890237482933 429.27191214918753
378.8177173828228 411.9479474456679
378.9665292760538 377.57528540139344
379.1169100251546 394.8072124462591
383.8177173828228 420.6082014835123
383.9665292760535 368.9150313635489
384.1169100251543 386.14695840841455
384.1169100251546 403.46746648410345
388.96809813192334 429.1798744905334
389.116910025154 377.48670437057
389.1169100251543 394.8072124462589
389.1169100251546 412.1277205219478
394.116910025154 386.1469584084144
394.1169100251543 403.4674664841033
394.2672907742551 420.6993935289689
394.9511796366142 369.35408721098617
399.116910025154 394.80721244625875
399.26729077425483 412.0391394911244
399.9511796366142 378.01434124883053
404.26729077425455 403.37888545327985
404.9511796366139 369.354087210986
404.9511796366142 386.6745952866749
409.9511796366139 378.01434124883036
350.52147997112155 325.0042543008051
350.66867767894 341.8714409418238
351.82605063186577 303.9003150731023
355.9678703212718 333.3909599802593
356.1134090058287 316.71387857525445
356.976431380966 295.32864206608104
360.9615052082918 307.9676815038603
361.55979935597895 325.1005842547087
361.84572284419653 341.48112992400877
366.111885957392 299.39600849683904
366.407895558442 316.35438718331454
367.4376518789037 333.19075419845814
371.55827630754226 307.78271417629327
372.28574808136676 324.444557127064
372.73684452123575 341.6712351600224
377.436128830467 315.8728841200427
377.5849407236988 332.92503808862824
382.4361288304667 307.2126300821982
382.73532147279906 324.35336508160697
383.17686975840627 341.21541381417865
387.7353214727988 315.6931110437624
388.3272505075065 332.64374080715737
393.3272505075062 323.98348676931283
393.477631256607 341.2154138141785
398.47763125660674 332.55515977633394
403.4761082081706 341.38993787855117
282.24834688269834 441.49259434864445
292.8467321673621 441.4925943486442
298.1459248096942 449.97307531020846
303.44511745202595 441.492594348644
308.744310094358 449.97307531020823
313.70299534653805 441.20657015136493
318.744310094358 449.9730753102078
323.8533760956383 441.295151182188
328.8533760956383 449.9554052200324
334.0037568447385 441.3837322130111
339.15413759383904 449.9554052200322
344.15413759383875 441.2951511821877
264.72789690513406 349.96161088557494
275.0286584033348 349.96161088557477
285.3294199015356 349.9616108855746
295.32789685309916 349.78708682120157
305.32637380466275 349.96161088557426
315.6271353028635 349.9616108855741
333.89804445571536 349.9616108855737
344.79082515601556 349.96161088557346
338.5348591320672 360.01828294601484
328.5348591320672 360.01828294601495
318.5348591320672 360.01828294601506
308.5348591320672 360.0182829460152
298.5348591320672 360.0182829460153
288.5348591320672 360.0182829460154
278.5348591320672 360.0182829460155
268.5348591320672 360.01828294601563
262.924059045038 421.83780444048364
263.37515548490643 404.6111264075252
263.6774400315433 387.29325632910997
263.9614568105877 368.9288265462282
267.6187746728969 430.6672803690729
268.2232516873698 413.35732347891917
268.52553623400667 396.03945340050393
268.8095530130511 377.6750236176222
272.9179673152287 422.18679940750843
273.37363243647 404.7856504718979
273.6530805341415 386.59569159166824
273.9599337621513 369.1033506106009
277.76606351769203 430.9329964789024
278.21715995756045 413.70631844594396
278.50117673660486 395.3418886630622
278.80346128324175 378.02401858464697
283.0652561600238 422.45251551733793
283.3492729390682 404.0880857344562
283.6515574857051 386.77021565604093
283.953842032342 369.4523455776257
287.54753952503006 433.01211338708
288.19280046015865 413.00875370850224
288.49965368816845 395.5164127274349
288.80193823480533 378.19854264901966
292.84673216736184 424.5316324255155
293.3431812092589 404.43708070148097
293.6500344372687 386.9447397204136
293.9401373798877 368.9289860151958
297.80541741954187 415.7651272666722
298.1459248096939 433.01211338707975
298.4935619583591 395.8654076944597
298.78823358235104 377.67518308658975
302.9557981686421 407.19345425965093
303.1046100618739 424.24560822823645
303.6363297848144 386.4213801579837
303.9386143314513 369.1035100795685
308.10617891774234 398.62178125262966
308.25499081097416 415.6739352212152
308.403802704206 432.7260891898007
308.78671053391463 377.84970715096244
313.0332559926735 389.8415815912404
313.4053715600744 407.1022622141939
313.5541834533062 424.1544161827794
313.93709128301487 369.27803414394117
318.18363674177374 381.26990858421914
318.33244863500556 398.32206255280465
318.70456420240646 415.58274317575814
318.8533760956383 432.63489714434365
323.334017490874 372.69823557719786
323.4828293841058 389.7503895457834
323.6316412773376 406.8025435143689
324.0037568447385 424.0632241373224
328.63321013320603 381.1787165387621
328.78202202643786 398.2308705073476
328.9308339196697 415.28302447593313
329.0037568447385 432.72347817516675
332.7309436987329 369.2780341439408
333.9324027755381 389.65919750032634
334.00375684473823 424.0632241373222
334.0812146687699 406.71135146891186
338.030136341065 377.758515105505
339.00375684473823 432.7234781751666
339.0812146687699 415.3716055067562
339.23159541787015 398.1396784618906
342.91857059995795 369.0062234090065
343.32932898339703 386.23899606706925
344.0812146687699 424.0318595446006
344.23159541787015 406.79993249973495
264.57908501190224 332.9094569169894
264.72946576100253 315.6775298721238
269.7294657610025 324.33778390996815
269.8782776542343 341.38993787855367
274.7279427125661 315.50300580775075
275.02865840333453 332.8182648715324
279.87832346166635 306.9313328007295
280.0271353548982 323.983486769315
280.17903915243505 341.3899378785535
285.0271353548981 332.64374080715936
285.0287042107666 298.3596597937082
285.1775161039984 315.4118137622937
290.17751610399836 324.0720678001381
290.17751610399864 341.21541381418047
290.32789685309865 306.84014075527244
294.16415878719243 294.2922933629498
295.3278968530986 315.5003947931168
295.3278968530989 332.6437408071592
299.4633514295245 302.77277432451405
300.4782776021991 324.0720678001379
300.4782776021994 341.2154138141803
304.46335142952444 311.4330283623584
304.90974177967445 294.3860686450596
305.62865835129963 332.643740807159
309.61373217862496 320.0047013693795
309.9097417796744 303.04632268290396
310.476754553763 341.389937878553
314.7641129277255 328.5763743764006
315.0601225287749 311.61799568992507
315.78759430259885 294.9561527391543
319.61220913018883 337.3225714477946
320.21050327787543 320.18966869694617
320.93797505169937 303.5278257461754
321.0867869449306 286.4756717775898
324.76258987928935 345.8942444548157
325.0585994803388 328.93586576834014
326.0883558007999 312.0994987531965
326.23716769403114 295.0473447846109
330.2089802294393 337.50753877536124
330.93645200326324 320.84569582459045
331.38754844313166 303.619017791632
331.8290967287383 286.7569690590603
336.08683275236376 329.41736883161155
336.235644645595 312.365214863026
336.9794774778388 295.3286420660814
339.3444348058653 341.57490520611924
341.38602539469554 320.9368878700471
341.8275736803022 304.07483913747535
345.2222873287898 333.48473526236955
346.9779544294024 295.15411800170835
346.9779544294027 312.64651214449646
254.12951162047028 349.96161088557517
258.5348591320672 360.01828294601574
248.5348591320672 360.01828294601586
243.99190803779888 369.27739631664514
248.5331510122524 395.51593436910645
248.8354355588893 378.1980642906912
253.2278666401113 404.3454102976957
253.68353176135264 386.9442613620852
253.98581630798952 369.62639128366993
258.07596284257465 413.0916073690897
258.5270592824431 395.86492933613124
258.8339125104529 378.3725883550639
249.12951162047028 341.3013568477308
254.42870426280203 332.82087588616633
259.428704262802 341.4811299240107
259.5790850119023 324.24920287914506

328 371

866.2024210454128 869.7916754980375
867.6827054277842 898.037184134763
874.0102184817302 930.589416827543
879.1865993837806 949.9079333533243
881.0653175549608 883.1742876252147
881.8248410515151 912.179319758494
893.328735007511 935.7657977295928
894.4479296821373 868.3113911156663
895.2074531786917 897.3164232489456
901.1433575772959 917.3557006605438
907.470870631242 949.9079333533238
908.5900653058683 882.4535267393973
914.5259697044725 902.4928041509954
915.2854932010268 931.4978362842747
924.1329845350072 869.8671189183999
927.3217936640677 947.4705464852206
928.6681053282034 916.6349397747264
929.6201613089274 889.3716235711847
940.7044057912443 932.6076499756722
943.7622969326584 903.5137591949157
945.5928715098728 877.3353231081431
867.3095710644438 849.8081417460264
877.00576346937 832.3157476032382
877.6590260337905 784.7392065686788
879.9394755382854 808.4225801940576
887.306524967571 849.4590936172804
894.3262715450584 822.3157476032375
894.8023720478327 795.0399680668799
904.6270330432594 839.4590936172797
907.3887798688289 779.49704883774
909.1891680546057 808.9331354760598
919.4899295528068 826.076481490102
921.7703790573016 849.7598551154807
921.7755758756019 793.3902162469199
932.076337373803 810.5335622609621
936.633275566849 836.377242988303
939.2679700183894 783.6940238419924
949.2196833878452 820.8343237591631
949.5687315165902 800.8373698560353
940.1056947359525 857.8308184553583
875.3926650750896 712.6125101043231
876.090655009139 692.6246935639412
877.7702680200474 739.7886361203846
891.152880147224 724.9257396108362
893.0516169322675 703.2230788486053
895.0907760957361 749.7886361203846
908.4733882229127 734.9257396108362
909.4346578180473 714.6946075756262
909.6323683833679 692.0392207791897
921.8560003500899 749.7886361203841
926.0154092691477 703.5107495062106
926.2080691769557 725.5873882759267
939.5906813041329 740.4502847854747
942.7888206280561 714.4035302065112
864.8032738400598 769.4183177062993
890.2454338547867 769.1962873395389
924.8811740116164 769.8008564328125
942.5401258687946 760.4114251770939
866.4452046551332 626.9081871350967
868.4448238684429 649.7639393288281
881.0722786875161 613.2682199338461
883.765712730822 636.9081871350967
898.3927867632049 623.2682199338461
899.0866015932015 649.7639393288275
909.2855674635048 606.4948085749372
913.7136756255844 636.123972127577
924.6064563258843 619.3505607686681
928.3407496579678 649.763939328827
939.2335303582677 632.990527969918
941.1872077769847 608.1667026992525
949.8319156429318 649.9514898930465
879.0314392589896 666.8137614621413
892.6714064602394 681.4408354945256
907.5343029697867 668.0582233673479
924.4952648929152 678.656608652012
940.878305778695 690.1281373790329
941.6386109069571 668.3558471538103
873.8265361623105 537.9601639784361
889.3694553914494 525.3737561574387
889.7992463632563 549.9964644414771
905.3421655923952 537.4100566204797
917.0978706382441 521.2297167329803
920.8850848215346 549.9964644414765
932.6407898673835 533.816124553977
944.396494913233 549.996464441476
864.8919388000172 601.5125148879966
875.0449628757291 563.5552454596728
875.7847195003171 584.7391035290877
891.965059387816 596.4948085749372
892.3654709514175 573.5552454596722
908.5458108389164 585.3109505055216
921.4015630326467 569.9900616431416
925.8663189146051 595.3109505055216
938.7220711083354 579.9900616431416
873.3541288708337 449.83878439466133
889.9348803219341 438.65492632524575
906.5156317730349 449.8387843946607
923.476593696163 439.2403991099959
940.4375556192915 449.83878439466
871.9111041657388 481.9508680694355
874.0485665290698 512.5180039637079
884.7668563594691 466.6299792070555
885.8042715749187 496.3376640762085
898.660023768649 481.0167752138285
901.1251604372983 509.1934162699393
913.9809126310286 493.87252740755923
914.2029429977879 468.43036739283116
929.5238318601674 481.2861195865619
929.9536228319744 505.9088278706002
945.4965420611128 469.2498191235203
945.4965420611132 493.32242004960284
945.4965420611138 518.4952356915969
894.2610907236733 349.8544006091777
923.0346827372188 349.85440060917716
942.9859637424152 348.4592711342938
865.6075994011825 406.95099657708636
870.8128562784611 380.1722714049226
877.0791281282034 423.3340374628662
882.5685613243106 396.35261129242156
887.1958971642405 368.700742677901
894.0400900513315 412.7356521782014
898.95160221009 384.8810825654
906.8958422450622 428.05654104058095
906.9496639761431 365.57205337709553
910.4231309371108 401.26412345117984
918.7053690219926 381.7523932645945
923.2788831308416 416.5850123135594
930.7416694850335 397.72510346554037
932.847504645723 367.61025764086304
939.8596345819424 427.76887038297434
944.8838051087639 383.5829678418089
947.3224209361343 408.9089615349553
870.2445854355726 345.8354159532496
871.4890473407784 317.3325522424512
875.0059338125677 286.5018849281071
883.3853281183733 267.6814571742234
884.8716594679555 332.1954487519991
885.8758433475509 303.4393848332707
894.8568568453941 284.06449806000325
899.258455474728 318.3022813428186
907.1700863519072 299.8247131321377
907.4432646663903 268.52157883086335
908.6478867304457 335.9612331999972
919.1488933820933 316.21171207746465
919.7564941729034 284.2817939029978
927.2486260412211 265.73811681166177
931.5121992187529 300.46213379049675
931.7353012030901 331.7546313066041
939.5618555477342 281.4983318837962
944.0986070397497 316.0050530196362
871.4305512365983 210.3038449397423
877.8582786119871 237.07725629865118
888.5738972506401 200.00308344154053
888.751059312287 220.3038449397423
893.1791674743666 249.933008492382
900.0454259776604 183.62004255576028
904.0719481746665 233.15959713347308
905.8944053263289 210.00308344154053
914.964728874967 249.9330084923816
917.3659340533492 193.62004255576028
921.2152941887084 222.8588356352713
928.2587147536491 176.8466311968514
932.1080748890089 239.6322469941798
932.6868229157287 206.47579474949106
943.5796036160286 189.70238339058218
943.5796036160292 223.24920610839956
949.2514209030511 249.9330084923809
900.0 110.0
900.0 130.0
900.0 150.0
917.3205080756884 99.99999999999929
917.3205080756884 119.99999999999929
917.3205080756884 139.9999999999993
934.6410161513768 109.9999999999986
934.6410161513768 129.99999999999858
934.6410161513768 149.99999999999858
910.9382066779604 166.8466311968514
945.5792228293375 166.8466311968507
900 50
900.0 70.0
900.0 90.0
917.3205080756884 59.9999999999993
917.3205080756884 79.99999999999929
934.6410161513768 69.9999999999986
934.6410161513768 89.9999999999986
934.9900642801218 50.00304609687076
780.4631682898262 884.2663167206708
791.6513129312185 915.2989185696957
794.2808105644591 938.3777231018001
794.9494114323847 870.1412428988378
796.8276938332683 895.9804020439142
809.1437070740064 924.9951109746224
810.6638514502389 949.849251828821
811.1297513198837 881.8969479446873
814.3200879760562 905.6765944488409
825.5267479597862 936.4666397016433
828.6221454626716 891.593140349614
830.703128861836 917.1481231758618
836.4367680324565 873.183043280565
840.3896444693341 949.8492518288205
845.0051863484514 903.0646690766349
845.566025371384 930.5307353030389
852.8198089182363 884.6545720075859
859.7081609951149 944.6728709267699
859.8680828579993 916.447281203812
791.2163727674365 786.4001565670867
791.3935348290835 834.4872528836481
794.1500848363523 810.2933239762665
804.2492870228142 849.8081417460277
808.5368808431249 796.400156567086
808.5368808431253 824.1864913854464
818.233073248051 778.9077624242977
821.3926330368561 839.507380247826
822.9236768498979 810.2933239762659
832.619869254824 792.8009298334777
835.7794290436286 825.6142128386455
838.5359790508983 849.808141746027
845.4756214485548 808.1218186958572
849.9403773305124 782.800929833477
852.9227750576708 835.9149743368465
862.618967462597 818.4225801940582
862.7961295242432 798.1218186958565
818.9443738896686 863.4868508756383
781.3674387525842 735.1615620880024
784.4352332665325 710.1763807965646
795.0074059538342 749.7886361203858
798.3284006757124 724.5631768033376
800.1954483386664 697.8631512900508
811.9683678769624 739.190250835721
814.0886157478463 712.2499472968238
827.7285829490963 726.8770213292073
828.9293298000908 749.7886361203851
831.4091238235345 702.2499472968238
844.6895448722248 737.4754066138714
845.0490910247845 716.8770213292073
858.4317031519611 702.014124819659
860.4497599443592 749.7886361203846
862.010052947913 727.4754066138714
800.9125651723626 768.9077624242984
835.5535813237394 768.9077624242971
800.3029597538784 608.00823428298
800.3029597538784 628.00823428298
800.3029597538784 648.00823428298
817.6234678295668 618.0082342829793
817.6234678295668 638.0082342829793
833.8038077170658 649.7639393288288
834.9439759052552 628.0082342829786
850.2648647676343 615.1524820892472
851.1243157927541 639.7639393288281
800.1954483386659 677.8631512900508
813.5780604658424 663.0002547805025
817.5159564143546 687.8631512900508
830.8985685415312 673.0002547805025
844.7917359507111 687.3870507872755
848.5575203987094 663.6108235247839
862.4506878078893 677.9976195315569
786.5039656653883 534.6666261301252
799.359717859119 549.9875149925048
800.4631286336959 520.2887795723257
813.3188808274266 535.6096684347052
827.2120482366065 549.9964644414782
828.6397696898057 522.7539162409738
842.5329370989856 537.1407122477468
857.8538259613651 549.9964644414777
858.505647299931 525.1044117847052
779.4208977812218 599.992361714297
792.3309751136626 568.8246779270312
795.8039386670011 588.5208329872753
811.1248275293802 575.6650807935439
815.6238486162575 595.1524820892486
830.2509226486404 581.512514887998
832.9443566919459 605.1524820892479
841.1437033489403 564.7391035290891
847.5714307243288 591.5125148879973
858.4642114246287 574.7391035290884
784.044810923591 439.53802289646154
801.1881569376332 449.83878439466264
824.6995670293315 449.83878439466224
847.6426244833727 449.83878439466184
860.498376677103 434.5178955322818
785.6077572266555 482.1121385162147
787.6073764399652 504.9678907099461
801.5804674276009 470.07583805317313
802.9282653023442 492.1121385162147
815.784017496075 507.43302737859426
818.9009755032896 480.07583805317313
831.7567276970203 495.3967269155527
834.4438947324285 467.4894302321758
844.612479890751 510.7176157779322
847.2996469261592 482.8103190945553
859.0553519720081 466.62997920705595
860.1553991198899 498.1312079569349
778.3092417371084 349.9936497696058
816.7597095746405 349.99364976960567
850.6816334208971 349.993649769605
778.8395540463114 412.75929772429805
788.303938457514 367.6727558489606
790.3110827733317 396.3762568385178
795.8005159694399 423.35768300896217
803.166834967062 381.05536797613775
807.2720446964602 406.9746421231819
812.9438619834821 433.65844450716327
819.7475864181623 369.87150990672217
820.1277968901904 391.65375326080186
824.4153907105024 417.275403621383
836.1710957563519 433.455743508882
836.7085483412908 380.4698951913863
837.2711429042326 401.95451475900296
849.0268479500821 418.13485464650194
853.6695102644189 369.8715099067215
853.851894355333 390.7706566895874
786.0629469288533 328.0978617674858
786.9557276291532 294.0039423328882
794.3155466510738 269.9310590134683
796.9557276291532 311.324450408577
797.5344756558742 344.4809026532657
805.4994047204887 286.5118104645692
808.4272563561741 327.7074912943568
813.3366769769766 263.75071912596854
815.4994047204887 303.832318540258
824.5205350463915 280.3314705770694
826.9709334475095 320.2153594260378
833.7206714977686 339.39526448494087
834.5205350463915 297.6519786527582
839.1476090787744 266.6915033758189
845.9920637734124 314.03501953853805
849.1476090787744 284.0120114515077
856.8619733083955 330.9725194437017
860.6191378057953 300.39505233728755
863.534405085547 270.1188440423272
782.7169008698463 233.15959713347547
784.5393580215086 210.0030834415429
793.6096815701468 249.93300849238398
799.8602468838882 222.8588356352737
801.859866097197 200.0030834415422
810.7530275841887 239.6322469941822
817.1807549595766 212.85883563527298
827.8963735982309 249.9330084923833
828.073535659877 229.63224699418146
832.5016438219557 200.0030834415416
843.3944245222561 216.77649480045008
845.2168816739193 239.93300849238256
854.287205222556 200.0030834415412
860.5377705362984 227.07725629865118
862.537389749608 249.93300849238256
694.6394314769279 889.5973845535101
695.7261914740379 935.2221777964396
697.2689291101675 866.5185800214055
707.7606120567381 904.6915761579655
709.3661586752879 949.8492518288231
712.1318256197154 879.9011921485826
712.4996028329459 924.3293970961385
725.2530061995255 894.995383753038
726.1395700341959 938.9564711285219
728.5148665054948 868.429663421561
729.9919969757334 914.633204691211
741.6360470853049 883.5238550260165
742.9129813931044 949.8492518288225
743.6319641769834 929.2602787235944
746.3750378615127 903.1616759641894
756.4989435948522 870.1412428988388
760.0150050627627 917.7887499965728
760.4053755358918 940.153059423895
761.2379343710601 889.7790638370117
774.8779015723101 904.4061378693951
775.7241775136183 864.6284957824979
776.7884164216712 928.6815306968734
777.8977696786798 949.8492518288217
702.8862686075641 819.999999999991
702.8862686075641 839.999999999991
707.7247065195569 780.594085474471
707.7247065195569 800.594085474471
720.2067766832525 829.9999999999903
720.2067766832525 849.9999999999903
725.0452145952453 790.5940854744703
725.0452145952453 810.5940854744703
737.5272847589409 839.9999999999897
742.1885606092872 780.2933239762685
742.3657226709337 800.5940854744696
742.3657226709337 820.5940854744696
754.8477928346297 849.9999999999897
759.5090686849755 790.2933239762679
759.6862307466221 810.5940854744689
759.6862307466221 830.5940854744689
774.0730267533951 844.4872528836488
776.8295767606639 800.2933239762672
777.0067388223105 820.5940854744682
704.6410161513768 749.9999999999977
724.6410161513768 749.9999999999968
744.6410161513768 749.9999999999959
750.1537632677162 730.7747660812294
750.1537632677156 710.7747660812294
764.0469306768961 745.1615620880024
767.1147251908437 700.1763807965646
767.4742713434043 720.7747660812294
724.8680525335988 770.2933239762692
756.5753566160597 766.4001565670881
773.8958646917481 776.4001565670874
700.2262394941342 537.5820652228023
715.9864545662687 549.8952947293154
717.5467475698226 527.5820652228016
733.306962641957 539.8952947293147
739.9643928530476 520.8657313795277
750.6274707176458 549.8952947293147
757.2849009287363 530.8657313795277
770.3236257778898 546.4223311759753
733 561
715.1798695162327 570.079809994791
700.0856779117772 583.2009905746013
710.9784586120777 599.9744019335097
726.0726502165327 586.853221353699
741.1668418209881 599.9744019335092
743.8927807002997 577.7734113589074
758.9869723047551 590.8945919387176
760.8537426234278 567.1750260742426
775.9479342278833 580.2962066540528
703.2537480441972 449.8387843946645
718.1166445537445 436.4561722674868
732.9795410632925 449.838784394664
749.9405029864206 439.2403991099992
766.9014649095491 449.8387843946633
700.0620421571822 477.0898581735948
700.2262394941342 517.5820652228023
710.0620421571822 494.4103662492836
716.2423820446807 465.3341531277447
724.2041777809131 508.55250187301453
726.2423820446807 482.6546612034335
740.384517668411 468.512525579702
740.3845176684116 496.7967968271644
754.526653292142 482.65466120343297
756.144732740546 509.1100263336776
769.8475421545211 469.79890900970156
770.2868683642764 494.9678907099461
773.4652408162348 519.1100263336776
712.6977066460375 349.81648770796033
735.0654227848668 349.81648770796
755.3661842830672 349.9936497696062
693.5988708064488 406.71373438761384
698.3929869682381 380.1881672185116
701.7336036679648 424.98464354046587
710.5598327295769 396.11534910294904
715.53633298228 369.8874057203098
718.6945655910929 414.38625825580107
727.7031787436188 385.81458760474726
735.0776064768727 425.857786982822
735.8379116051348 404.0854967575993
739.1747074706391 369.431546718967
747.5936166509837 387.9051568700999
752.2209524909146 415.5570254846202
759.065145378004 371.52211598431967
763.9766575367635 399.37668559712085
767.0838490004625 428.9396376117974
775.4481862637838 382.9936447113406
694.6218544492215 268.63505338025647
696.5173667585386 338.06078266211085
701.4212348750526 293.1528271275521
707.701224827953 321.48003121100965
712.8927636020729 276.76978624177184
718.0019863261534 304.33668519696704
723.8815647154519 333.2357362568591
729.4735150531737 287.9536443111868
734.1823262136523 316.0923902428165
734.3119529651665 268.5477297856667
745.3661842830672 332.6731416939174
745.6538549406727 299.7093493570363
750.4922928526654 280.3034348315162
756.8377130100876 316.29010080813714
761.3850735529653 263.53002347260735
764.8790888594384 294.19660224069617
766.8377130100876 333.61060888382593
775.7718695597383 277.4231908817873
776.0629469288533 310.77735369179703
706.6025403784406 249.99999999999082
726.6025403784406 249.99999999998988
746.6025403784406 249.99999999998894
750.0755039317786 230.3038449397447
750.075503931778 210.3038449397447
765.3963927941581 243.15959713347547
767.2188499458199 200.0030834415429
767.3960120074668 220.3038449397447
613.4303888983845 925.0588678194422
614.4438276602833 876.3264806049389
617.5017188016983 905.4203713856953
617.8016024613629 949.8492518288248
629.5380192647388 889.447661184749
630.4165378612287 864.2901801418973
630.9227830411725 934.7550602243689
634.9941129444862 915.116563790622
644.0439636209826 949.8492518288243
645.5107294656841 877.4113607217074
647.0304134075267 899.1438535896757
649.9439133670753 928.5747203368692
661.8933099170746 912.5264657168528
662.2841408245921 866.5185800214063
663.003123608472 887.1075531266341
663.0650939468854 943.6689119413246
675.0144904968847 927.6206573213083
677.86602011802 900.4901652538113
679.77653496738 876.214772426333
682.0862242727885 949.8492518288235
690.9872006978301 915.5843568582667
616.2837282291241 849.9999999999937
617.4238964173117 788.2442949541443
617.4238964173117 808.2442949541443
617.4238964173117 828.2442949541443
633.6042363048106 839.9999999999937
634.744404493 778.2442949541436
634.744404493 798.2442949541436
634.744404493 818.2442949541436
650.924744380499 829.9999999999931
650.924744380499 849.9999999999931
652.0649125686884 788.2442949541429
652.0649125686884 808.2442949541429
668.2452524561874 819.9999999999924
668.2452524561874 839.9999999999924
669.3854206443768 798.2442949541422
674.2238585563696 778.8383804286221
685.5657605318758 809.9999999999917
685.5657605318758 829.9999999999917
685.5657605318758 849.9999999999917
690.4041984438685 790.5940854744716
650.0 710.0
650.0 730.0
650.0 750.0
667.3205080756884 699.9999999999993
667.3205080756884 719.9999999999993
667.3205080756884 739.9999999999993
684.6410161513768 709.9999999999986
684.6410161513768 729.9999999999986
684.6410161513768 749.9999999999986
617.4238964173117 768.2442949541443
625.876261652125 750.118139213411
656.9033504806812 768.8383804286228
691.544366632058 768.8383804286215
650 650
650.0 670.0
650.0 690.0
667.3205080756884 659.9999999999993
667.3205080756884 679.9999999999993
684.6410161513768 669.9999999999986
684.6410161513768 689.9999999999986
684.9900642801218 650.0030460968708
617.3428046474527 529.9744019335076
617.3428046474527 549.9744019335076
634.6633127231411 539.9744019335069
646.9765422296537 524.214186861372
650 553
632.6794919243113 563.0000000000001
613.8856395085932 569.8404028665136
616.478734092684 589.7737080336674
633.7992421683728 599.7737080336674
641.1318571591253 581.1261557407331
613.7511401936862 439.6532198929033
630.8944862077284 449.9539813911044
650.6998475825596 447.1705193719022
670.505208957391 449.95398139110347
686.8707071584174 438.3672556676436
614.1406385594561 480.07980999479093
614.5618425495098 501.09300628156257
629.6560341539653 514.2141868613727
631.4611466351445 470.07980999479025
631.4611466351445 490.07980999479025
646.5553382395999 503.2009905746004
648.7816547108329 480.07980999478957
663.8758463152883 493.2009905745997
665.742616633961 469.48142471012477
680.8368082384164 482.6026052899349
685.6752461504092 463.1966907644148
690.8368082384164 499.9231133656237
610.6337056631359 349.81648770796295
647.175523968839 349.8164877079616
680.3370268710402 349.81648770796096
615.3214745843501 393.57077934569065
619.8784127773952 367.72709861834943
621.3896558071787 420.9425759892636
632.2824365074786 404.16916463035477
632.464820598392 383.2700178474889
638.5330018212209 431.2433374874647
647.3277171079393 369.88740572031116
649.4257825215204 393.868403132153
649.4257825215208 414.46992612855587
661.5926282828596 430.39710801299333
664.2886790310678 380.4857910049753
666.5691285355626 404.1691646303541
678.7359742969014 420.09634651479155
681.2496409541959 369.8874057203105
681.43202504511 390.7865525031764
609.8648930824339 281.4487086935282
616.0488626222568 326.36086598406666
621.3364218094548 297.83174957930805
626.4456445335343 270.2648506241126
628.9046148159875 341.6817548464462
632.2292025097553 314.60516093821656
637.9171732605552 286.6478915098925
645.084954703486 329.9260498005961
648.8099539608556 303.421302868801
649.1010313299695 270.06714005879127
659.99381203027 286.84055141769977
661.6657061545864 318.7421917311805
663.7562754199394 338.632629638546
670.2945735284704 269.69720540365716
672.8495642240007 302.1614402800793
679.9366153074378 326.8769245926959
683.1503257222012 285.0180942660367
691.1204733768521 310.2961731415947
606.6025403784406 249.9999999999955
626.6025403784406 249.99999999999457
646.6025403784406 249.99999999999363
666.6025403784406 249.9999999999927
686.6025403784406 249.99999999999176
523.1998047623351 949.9969539031231
532.0064746777522 868.5380706759964
535.8567540448863 913.6292161835802
536.0391381358005 934.528362966446
536.2058021736314 893.6322622804523
548.8948903295312 949.8492518288256
549.3269827534409 878.5380706759964
553.0001000589285 923.9299776817812
553.3491481876736 903.9330237786534
565.8558522526592 939.2508665441608
566.4703287674831 888.8388321741975
569.9432923208211 869.1426771139533
570.4924942017158 914.2337852768544
582.8168141757877 949.8492518288249
583.3482463954465 929.554674139234
583.6136747815253 899.1395936723985
587.0866383348633 879.4434386121543
596.469426975256 914.4604825347781
600.309208318575 940.1530594238981
602.4075271972429 892.2991908058851
523.9230484541267 849.999999999997
543.9230484541267 849.9999999999961
563.9230484541267 849.9999999999952
583.9230484541267 849.9999999999943
600.1033883416252 838.2442949541443
600.1033883416246 818.2442949541443
600.103388341624 798.2442949541443
600.1033883416235 778.2442949541443
599.1229387979038 863.470728411208
600.1033883416229 758.2442949541443
550.2870888159321 526.8532213536995
550.2870888159321 546.8532213536995
567.6075968916205 536.8532213536988
582.7017884960759 549.974401933509
584.9281049673089 526.8532213536981
600.0222965717643 539.9744019335083
593.8856395085932 569.8404028665138
573.8856395085932 569.8404028665141
553.8856395085932 569.8404028665143
550.0694596010622 589.4729465354676
567.2128056151045 599.7737080336686
583.1855158160498 587.737407570627
599.1582260169956 599.7737080336681
561.9667780282672 449.95398139110574
579.2872861039556 439.95398139110506
596.6077941796443 449.95398139110506
579 461
561.1798695162327 470.07980999479105
550.2870888159321 486.8532213536995
550.2870888159321 506.8532213536995
567.6075968916205 496.8532213536988
567.6075968916205 516.8532213536988
579.920826398133 481.09300628156393
584.9281049673089 506.85322135369813
596.8201304837673 470.07980999479093
597.2413344738214 491.09300628156325
602.2486130429972 516.8532213536974
541.4414240745876 349.8786809017877
563.226985475188 349.87868090178733
583.1508794370222 348.1355660468339
524.0685719297952 383.7001342069278
524.8288770580573 361.9278439817051
535.8242769756447 399.8804740944268
541.2119179438371 373.39937270872605
550.2110729824177 413.77364150360677
550.2110729824177 433.77364150360677
552.9676229896866 389.579712596225
560.9080730040811 369.9264091553866
567.3544189964596 403.472880005405
567.5315810581061 423.7736415036061
574.521777987365 384.80127147546074
584.674927072148 413.4728800054043
585.4145586876649 368.0278601165519
591.8422860630534 394.80127147546006
596.4306321179974 429.6532198929033
602.7350667633533 378.0278601165512
604.4286938840502 410.3441907045995
525.0583831888079 338.40715217476674
525.6504023909067 304.4903948018156
529.0029885422172 266.4750775523254
533.4650249606916 286.08029773276655
535.9511638891078 321.6337408158579
545.5013254237325 302.0530079337124
548.1290836614779 272.32251164678013
552.3342047748876 333.10526954287883
560.1283994561154 288.4130407324619
560.7865700097009 314.97911380214555
566.3999928143296 264.1877787852634
572.2580987367218 331.3621546879254
575.4136440420838 301.33914660089505
578.3993086089671 280.2783078709452
586.8851727691047 317.7221874866749
593.6845531949355 293.2044137393783
594.5796484964656 268.5226028250951
597.7779534694051 334.4955988455834
605.1560819219563 309.58745462515816
534.6410161513754 179.99999999999858
534.6410161513754 199.99999999999858
534.6410161513754 219.99999999999858
534.6410161513754 239.99999999999858
551.9615242270638 189.99999999999787
551.9615242270638 209.99999999999787
551.9615242270638 229.99999999999787
551.9615242270638 249.99999999999787
569.2820323027522 179.99999999999716
569.2820323027522 199.99999999999716
569.2820323027522 219.99999999999716
569.2820323027522 239.99999999999716
586.6025403784406 189.99999999999645
586.6025403784406 209.99999999999645
586.6025403784406 229.99999999999645
586.6025403784406 249.99999999999645
534.6410161513767 99.99999999999861
534.6410161513767 119.9999999999986
534.6410161513767 139.99999999999858
551.9615242270651 109.9999999999979
551.9615242270651 129.99999999999787
551.9615242270651 149.99999999999787
569.2820323027535 99.9999999999972
569.2820323027535 119.99999999999717
569.2820323027535 139.99999999999716
586.6025403784419 109.99999999999648
586.6025403784419 129.99999999999645
586.6025403784419 149.99999999999645
534.6410161513754 159.99999999999858
551.9615242270638 169.99999999999787
569.2820323027522 159.99999999999716
586.6025403784406 169.99999999999645
436.7744264455393 899.6961924049241
436.95158850718576 919.9969539031251
436.9515885071857 939.9969539031251
448.9157698849532 864.2397849278631
449.6137598190032 884.227601468245
454.0949345212276 909.6961924049234
454.27209658287404 929.9969539031244
454.272096582874 949.9969539031244
466.57472174213126 873.6292161835802
466.93426789469197 894.227601468245
471.41544259691585 919.6961924049227
471.5926046585623 939.9969539031238
483.89522981782005 883.6292161835802
484.25477597038076 904.227601468245
488.73595067260413 929.696192404922
488.9131127342511 949.9969539031238
501.21573789350884 893.6292161835802
501.56478602225394 873.6322622804523
501.57528404606956 914.227601468245
506.0564587482929 939.696192404922
518.5362459691976 903.6292161835802
518.8852940979426 883.6322622804523
518.8957921217583 924.227601468245
434.6410161513745 789.9999999999993
434.64101615137446 809.9999999999993
434.6410161513744 829.9999999999993
434.64101615137434 849.9999999999993
451.9615242270627 839.9999999999986
451.9615242270621 819.9999999999986
451.96152422706155 799.9999999999986
451.961524227061 779.9999999999986
469.28203230274977 789.9999999999986
469.2820323027497 809.9999999999986
469.28203230274966 829.9999999999986
469.2820323027496 849.9999999999986
486.602540378438 819.999999999998
486.6025403784374 799.999999999998
486.60254037843794 839.999999999998
486.9515885071825 780.0030460968701
503.92304845412673 849.999999999998
484.24427794656515 863.6322622804523
434.6410161513746 769.9999999999993
434.99006428011967 750.0030460968715
452.3105723558061 760.0030460968708
469.6310804314944 750.0030460968701
469.63108043149435 770.0030460968701
486.95158850718195 760.0030460968701
434.9505602544252 449.9891386708789
437.74553424831936 499.5517462161151
442.0718467825012 468.7684330008223
451.8215078251618 349.87868090179006
488.07381930662746 349.8786809017893
508.67534230302846 349.8786809017883
435 361
438.4583010044642 380.74664059602753
444.9505602544246 432.66863059518977
448.1272778028206 411.4127171538636
454.6386408919631 392.502345641877
455.23171236337225 369.8538598957263
471.41205225087117 381.6095649415758
479.54678511238717 399.8804740944278
487.79509313665056 370.13803621455423
495.92982599816656 388.40894536740626
507.6855310440154 372.2286054799069
512.3128668839464 399.8804740944272
435.64116793766283 338.1229758559406
443.16893839373085 278.4229566699124
443.46656218019444 312.52726460708357
453.7673236783949 295.38391859304096
453.7673236783955 329.67061062112583
459.55197927951025 266.95142794289086
464.06808517659596 312.5272646070832
469.94766356589446 341.4263156669753
470.1503645641743 283.9123898660194
480.24842506409493 324.2829696529327
480.45112606237535 301.05573588006166
481.0431452644743 267.1389785071105
491.3439067626753 284.28232452115276
496.63146594987427 312.81144092591114
498.3745808048274 332.73533488774603
507.52424665017423 296.0380295670023
511.68248046652883 276.47507755232607
514.7576216906068 321.26380616072447
499.99999999999994 180.0
499.9999999999999 200.0
499.99999999999983 220.0
499.9999999999998 240.0
517.3205080756882 209.9999999999993
517.3205080756876 189.9999999999993
517.3205080756882 229.9999999999993
517.3205080756882 249.9999999999993
448.6591985792097 250.17801658398236
470.4447599798102 250.178016583982
499.83699768019216 260.2985756405963
500 100
499.99999999999994 120.0
499.9999999999999 140.0
517.3205080756883 109.9999999999993
517.3205080756883 129.9999999999993
517.3205080756883 149.9999999999993
500 160
517.320508075687 169.9999999999993
349.99999999999994 870.0
349.9999999999999 890.0
349.99999999999983 910.0
349.9999999999998 930.0
350.34904812874544 949.9969539031279
367.32050807568817 899.9999999999993
367.3205080756876 879.9999999999993
367.3205080756881 919.9999999999993
367.6695562044338 939.9969539031272
384.6410161513758 869.9999999999993
384.64101615137577 889.9999999999993
384.6410161513757 909.9999999999993
384.9900642801214 929.9969539031272
384.9900642801213 949.9969539031272
401.96152422706405 899.9999999999986
401.9615242270635 879.9999999999986
402.31057235580965 939.9969539031265
402.3105723558091 919.9969539031265
414.27475373357606 864.2397849278638
419.28203230275227 889.9999999999986
419.6310804314975 909.9969539031258
419.6310804314974 929.9969539031258
419.63108043149737 949.9969539031258
431.59526180926485 874.2397849278638
399.9999999999999 790.0
399.99999999999983 810.0
399.9999999999998 830.0
399.9999999999997 850.0
417.32050807568805 839.9999999999993
417.3205080756875 819.9999999999993
417.3205080756869 799.9999999999993
417.32050807568635 779.9999999999993
350 850
367.32050807568703 859.9999999999993
400 750
399.99999999999994 770.0
417.3205080756858 759.9999999999993
348.0236282785542 599.8628965095472
387.57451786446217 439.12532500013606
370.43117185041996 449.4260864983372
404.5354797875907 449.7237102848002
419.8563686499698 436.8679580910688
419 464
400.0896284880137 470.5113630891433
400.08962848801366 490.5113630891433
417.7485803451922 499.9007943448611
427.4447727501183 482.4084002020728
418.8677565787548 349.0157565562418
416.72909084714803 369.1347328615161
414.9859759921948 389.058626823351
412.8954067268417 408.9490647307165
402.8954067268417 426.2695728064052
429.85636864996917 419.54745001537964
431.94693791532166 399.6570121080141
405.6992385017989 267.1433460140422
385.711421961417 267.8413359480924
365.82098405405156 269.9319052134457
368.94967335485615 289.6856720253485
387.07582909558914 298.1380372601625
397.9686097958897 314.911448619071
403.8492404544972 287.2452565598613
408.56699508055374 331.87241054219953
414.7420211547977 304.0186679187698
421.97539619522985 278.7928913250465
425.3404064394618 320.9796298418983
432.8681768955304 295.56630268395503
350.2456723073432 184.46747689889702
353.8396043738454 236.3520345296283
357.22221650102205 204.1686299443911
367.22221650102205 221.4891380200799
368.4666784062288 249.9920017308783
370.34339708083166 189.0744383399352
380.34339708083166 206.394946415624
381.84929053340545 235.1291052213299
389.13724949654954 182.23403547342102
394.970471113215 220.03491361687398
395.2319026605826 249.9920017308778
399.13724949654954 199.5545435491098
416 250
432.2761576934303 261.6495453110039
350 100
349.99999999999994 120.0
349.9999999999999 140.0
367.3205080756883 109.9999999999993
367.3205080756882 129.99999999999932
367.32050807568817 149.99999999999932
384.64101615137656 119.99999999999862
384.641016151376 99.99999999999862
384.6410161513765 139.99999999999864
400 153
382.67949192431126 163.00000000000009
363.88563950859316 169.84040286651359
269.2820323027518 889.9999999999986
269.63108043149646 870.0030460968701
269.631080431497 909.9969539031258
269.63108043149697 929.9969539031258
269.6310804314969 949.9969539031258
286.7744264455387 880.3038075950711
286.9515885071853 919.9969539031251
286.95158850718525 939.9969539031251
289.38897537528766 900.1460308702987
269.9224861501934 790.5983852846628
287.5814380073719 799.9878165403805
299.8946675138845 784.2276014682457
269.6310804314965 850.0030460968701
286.95158850718485 860.0030460968694
267.65294349746625 699.2059051140511
267.6529434974662 719.2059051140511
267.65294349746614 739.2059051140511
284.6139054205947 749.8042903987152
284.97345157315453 709.2059051140504
284.9734515731545 729.2059051140504
264.43305295408516 763.6169591142184
281.3940148772137 774.2153443988825
298.71452295290203 764.2153443988818
267.4259161369697 620.9869723047556
273.93727922611276 639.8973438167419
287.0584598059223 624.803152212286
291.25778730180156 649.8973438167419
274 661
275.7876763589816 680.9349959611989
292.5610877178897 670.0422152608977
293.1081844346699 690.9349959611982
300.3357900594841 524.8356363230502
300.33579005948405 544.8356363230502
319.74170458500396 549.6740742350435
300 565
299.99999999999994 585.0
286.8788194201898 600.0941916044554
266.8788194201898 600.0941916044557
313.3826121271771 599.8628965095479
317.3205080756883 574.9999999999993
330.7031202028654 589.8628965095472
263 440
286 451
279.15959713348656 469.79385241571816
288.85578953841326 487.2862465585061
298.24522079413106 504.9451984156847
298.85575219373055 466.3208888623787
345.82098405405156 269.93190521344593
325.82098405405156 269.93190521344616
305.82098405405156 269.9319052134464
285.82098405405156 269.9319052134466
265.82098405405156 269.93190521344684
275.5388071397125 287.4197783282811
337.6592644863465 200.01039612803643
317.6592644863465 200.01039612803666
297.6592644863465 200.0103961280369
277.6592644863465 200.01039612803712
263.0981199772107 219.4999303962228
268.19231158166673 249.94161905172206
278.1923115816661 232.62111097603292
288.1923115816661 249.94161905172172
293.5010306699913 219.573348142713
303.5010306699913 236.8938562184018
313.50103066999066 219.5733481427127
318.8219195323708 249.7496084121326
328.8219195323702 232.42910033644347
338.8219195323702 249.74960841213226
343.8396043738454 219.0315264539395
199.99999999999997 870.0
199.99999999999994 890.0
199.99999999999991 910.0
199.9999999999999 930.0
200.34904812874552 949.9969539031279
217.32050807568825 919.9999999999993
217.32050807568768 899.9999999999993
217.32050807568712 879.9999999999993
217.6695562044339 939.9969539031272
234.6410161513753 869.9999999999993
234.64101615137528 889.9999999999993
234.64101615137525 909.9999999999993
234.9900642801209 929.9969539031272
234.99006428012086 949.9969539031272
251.96152422706362 899.9999999999986
251.96152422706305 879.9999999999986
252.31057235580923 939.9969539031265
252.31057235580866 919.9969539031265
200.30201006594993 789.9878165403819
217.6225181416383 779.9878165403812
217.62251814163827 799.9878165403812
234.94302621732663 789.9878165403805
252.2635342930154 799.9878165403805
252.96152422706484 779.9999999999986
200 850
217.32050807568655 859.9999999999993
234.9900642801204 850.0030460968715
252.31057235580815 860.0030460968708
250.33243542177792 709.2059051140518
250.3324354217779 729.2059051140518
250.33243542177786 749.2059051140518
201 750
200.30201006594996 769.9878165403819
218.32050807568774 759.9999999999993
235.64101615137608 769.9999999999986
250.10540806128137 610.9869723047563
250.10540806128134 630.9869723047563
256.6167711504244 649.8973438167426
184.6410161513765 669.9999999999993
184.64101615137648 689.9999999999993
184.9900642801216 650.0030460968715
256.1798695162327 670.079809994791
250.33243542177794 689.2059051140518
227.8365162866212 349.708784451769
225 370
234.3894312557178 387.6589518571785
248 413
245.82098405405156 269.93190521344707
225.82098405405156 269.9319052134473
205.82098405405156 269.9319052134475
185.82098405405156 269.93190521344775
180.6446031520011 289.2504217392291
190.34079555692784 306.74281588201706
199.73022681264564 324.40176773919563
200.64155705512835 289.59946986797445
209.42641921757237 341.89416188198356
210.32861209730913 307.44080581606676
220.02480450223587 324.9331999588547
220.62937359550963 290.29745980202415
230.32556600043637 307.7898539448121
238.43490157128468 332.74782252864014
240.60196429060107 289.25074067716434
248.73566306948518 315.60447651459754
258.5778452165844 298.0181636129459
257.6592644863465 200.01039612803734
237.6592644863465 200.01039612803757
217.6592644863465 200.0103961280378
197.6592644863465 200.01039612803802
177.6592644863465 200.01039612803825
177.81554516384662 232.62111097603474
186.50263152105484 182.00786818848994
187.8155451638466 249.94161905172353
192.90973676830157 219.49993039622402
202.90973676830154 236.8204384719128
212.90973676830095 219.4999303962237
218.00392837275697 249.94161905172297
228.00392837275638 232.62111097603383
238.00392837275635 249.94161905172263
243.09811997721133 219.4999303962231
253.0981199772113 236.8204384719119
176.33423250968983 149.9417579348424
185.98962633383542 97.65454081883644
186.02128755187005 132.1004219867498
196.2903878320365 114.79788683287869
196.32204905007112 149.24376800079207
179.41992979689013 50.09264977132885
190.01831508155422 67.05361169445737
102.26353429301358 899.9878165403805
102.96152422706302 879.9999999999986
119.92248615019153 890.5983852846628
120.10487024110486 869.6992385017969
137.06583216423337 880.297623786461
140.53879571757196 899.9937788467053
91.78013816623675 799.9777104851333
92.51989479082428 778.7938524157178
100.23250340105072 818.1038662258663
100.23250340105069 838.1038662258663
109.10064624192512 789.9777104851327
116.41284328854964 849.8595712717158
117.55301147673906 828.1038662258657
117.55301147673849 808.1038662258657
126.42115431761349 779.977710485132
133.733351364238 839.8595712717151
134.87351955242684 798.103866225865
134.8735195524268 818.103866225865
147.72927174615708 782.782977363485
137.42537831679323 859.6992385017962
167.32050807568828 699.9999999999993
103 750
109.84040286651265 768.7938524157171
122.69615506024287 753.4729635533371
139.2769065113437 764.656821622752
150 650
149.99999999999997 670.0
149.99999999999994 690.0
167.3205080756883 679.9999999999993
167.32050807568774 659.9999999999993
157.6592644863465 200.01039612803848
137.6592644863465 200.0103961280387
124.01929728509623 185.38332209565556
142.49770239833984 219.41631065355864
152.19389480326657 236.90870479634657
154.18630093300737 180.3142410677944
162.49465630146707 219.76535878230396
167.51478366564612 249.76445699007735
98.17420087542467 137.62852842833027
99.07639375516146 103.17517236241345
108.77258616008818 120.66756650520138
113.9344159475591 149.94175793484345
119.07334765828867 103.52422049115877
124.53280123222261 132.98079601171455
134.8335627304231 115.83744999767194
135.1311865168867 149.94175793484308
145.1343242286236 98.69410398362933
145.4319480150872 132.79841192080048
155.7327095132877 115.65506590675787
155.73270951328826 149.94175793484274
165.1221407690049 97.996114049579
166.03347101148876 132.79841192080013
175.72052605366898 114.95707597270754
136.87504947882647 170.06243323327553
170.95971229191542 169.42146036749318
99.68096284843523 68.53943220558291
109.37715525336195 86.03182634837084
109.98172434663572 51.396086191540306
119.67791675156244 68.88848033432824
129.37410915648917 86.38087447711617
129.93300535183215 50.00095671665689
139.62919775675886 67.49335085944482
149.92995925495936 50.35000484540221
154.49209426630674 80.87596298662199
164.79285576450724 63.73261697257938
175.39124104917133 80.6935788957079
50.30201006594994 869.9878165403819
50.30201006594991 889.9878165403819
50.30201006594987 909.9878165403819
50.30201006594984 929.9878165403819
50.3020100659498 949.9878165403819
67.62251814163817 939.9878165403812
67.6225181416376 919.9878165403812
67.62251814163703 899.9878165403812
67.62251814163646 879.9878165403812
84.94302621732524 889.9878165403812
84.94302621732521 909.9878165403812
84.94302621732518 929.9878165403812
84.94302621732515 949.9878165403812
85.64101615137469 869.9999999999993
50.08807469577038 781.8652671384845
58.54043993058435 799.9914228792175
75.19938671513592 788.7938524157184
51 850
68.32050807568591 859.9999999999993
50 700
50.349048128745636 719.9969539031279
50.3490481287456 739.9969539031279
67.49239414278748 709.6961924049261
67.66955620443397 729.9969539031272
67.66955620443395 749.9969539031272
84.81290221847581 719.6961924049255
84.99006428012231 739.9969539031265
88.28586577181382 700.0000373446812
85.67949192431128 760.0000000000001
68.35898384862256 770.0000000000002
50.088074695770416 761.8652671384845
78.78181606557123 102.64374014275441
88.47800847049795 120.13613428554234
50 50
59.69619240492672 67.49239414278793
69.39238480985344 84.98478828557586
69.9969539031272 50.34904812874532
79.69314630805393 67.84144227153325
89.38020135023474 85.68277821962552
89.99390780625441 50.69809625749065
