9 25

17.58330249197703 15
26.24355652982142 20
26.24355652982142 30
34.90381056766581 45
43.5640646055102 60
52.224318643354586 15
17.58330249197703 -35
17.58330249197703 -25
17.58330249197703 -15
17.58330249197703 -5
17.58330249197703 5
26.24355652982142 -40
26.24355652982142 -10
26.24355652982142 0
34.90381056766581 -55
34.90381056766581 -15
34.90381056766581 5
43.5640646055102 -20
43.5640646055102 10
60.884572681198975 -20
69.54482671904336 -25
-69.01923788646685 25
-60.358983848622465 20
-43.03847577293369 20
-43.03847577293369 60
-34.3782217350893 15
-34.3782217350893 55
-25.71796769724491 40
-17.05771365940052 15
-17.05771365940052 25
-17.05771365940052 35
-8.397459621556132 20
0.26279441628825495 15
0.26279441628825495 25
0.26279441628825495 35
0.26279441628825495 45
0.26279441628825495 55
0.26279441628825495 65
0.26279441628825495 75
0.26279441628825495 85
0.26279441628825495 95
8.923048454132642 20
8.923048454132642 30
-51.698729810778076 -15
-43.03847577293369 -10
-34.3782217350893 -45
-34.3782217350893 -5
-25.71796769724491 -30
-25.71796769724491 -20
-25.71796769724491 0
-25.71796769724491 10
-17.05771365940052 -15
-17.05771365940052 -5
-17.05771365940052 5
-8.397459621556132 -30
-8.397459621556132 -20
-8.397459621556132 -10
-8.397459621556132 0
-8.397459621556132 10
0.26279441628825495 -15
0.26279441628825495 -5
0.26279441628825495 5
8.923048454132642 -20
8.923048454132642 -10
8.923048454132642 0
8.923048454132642 10

9 25

63 15
80.14334601404224 25.30076149820109
51 67
44.106832590820076 -65.61320399322696
89 -29
58 -80
-49 69
-4.874773736205974 -60.29815393434712
-7.65823575540732 -40.49279255951572
-48.610568744282205 -62.34104814282145
-76.873844259267 -21.547634765186007
0 -100
-2.437386868102987 -80.14907696717356
-58 -80
-82 26
-95 -30
