69 77

69.2820323027551 70
69.2820323027551 80
69.2820323027551 90
69.2820323027551 100
69.2820323027551 110
69.2820323027551 120
69.2820323027551 130
69.2820323027551 140
69.2820323027551 150
77.94228634059948 65
77.94228634059948 75
77.94228634059948 85
77.94228634059948 95
77.94228634059948 105
77.94228634059948 115
77.94228634059948 125
77.94228634059948 135
77.94228634059948 145
86.60254037844386 70
86.60254037844386 80
86.60254037844386 90
86.60254037844386 100
86.60254037844386 110
86.60254037844386 120
86.60254037844386 130
86.60254037844386 140
86.60254037844386 150
95.26279441628824 65
95.26279441628824 75
95.26279441628824 85
95.26279441628824 95
95.26279441628824 105
95.26279441628824 115
95.26279441628824 125
95.26279441628824 135
95.26279441628824 145
103.92304845413263 70
103.92304845413263 80
103.92304845413263 90
103.92304845413263 100
103.92304845413263 110
103.92304845413263 120
103.92304845413263 130
103.92304845413263 140
103.92304845413263 150
112.58330249197701 65
112.58330249197701 75
112.58330249197701 85
112.58330249197701 95
112.58330249197701 105
112.58330249197701 115
112.58330249197701 125
112.58330249197701 135
112.58330249197701 145
121.24355652982139 70
121.24355652982139 80
121.24355652982139 90
121.24355652982139 100
121.24355652982139 110
121.24355652982139 120
121.24355652982139 130
121.24355652982139 140
129.90381056766577 65
129.90381056766577 75
129.90381056766577 85
129.90381056766577 95
129.90381056766577 105
129.90381056766577 115
129.90381056766577 125
129.90381056766577 135
138.56406460551017 70
138.56406460551017 80
138.56406460551017 90
138.56406460551017 100
138.56406460551017 110
138.56406460551017 120
147.22431864335456 65
147.22431864335456 75
147.22431864335456 85
147.22431864335456 95
147.22431864335456 105
69.2820323027551 0
69.2820323027551 10
69.2820323027551 20
69.2820323027551 30
69.2820323027551 40
69.2820323027551 50
69.2820323027551 60
77.94228634059948 5
77.94228634059948 15
77.94228634059948 25
77.94228634059948 35
77.94228634059948 45
77.94228634059948 55
86.60254037844386 0
86.60254037844386 10
86.60254037844386 20
86.60254037844386 30
86.60254037844386 40
86.60254037844386 50
86.60254037844386 60
95.26279441628824 5
95.26279441628824 15
95.26279441628824 25
95.26279441628824 35
95.26279441628824 45
95.26279441628824 55
103.92304845413263 0
103.92304845413263 10
103.92304845413263 20
103.92304845413263 30
103.92304845413263 40
103.92304845413263 50
103.92304845413263 60
112.58330249197701 5
112.58330249197701 15
112.58330249197701 25
112.58330249197701 35
112.58330249197701 45
112.58330249197701 55
121.24355652982139 10
121.24355652982139 20
121.24355652982139 30
121.24355652982139 40
121.24355652982139 50
121.24355652982139 60
129.90381056766577 25
129.90381056766577 35
129.90381056766577 45
129.90381056766577 55
138.56406460551017 30
138.56406460551017 40
138.56406460551017 50
138.56406460551017 60
147.22431864335456 45
147.22431864335456 55
0 70
0 80
0 90
0 100
0 110
0 120
8.660254037844387 65
8.660254037844387 75
8.660254037844387 85
8.660254037844387 95
8.660254037844387 105
8.660254037844387 115
8.660254037844387 125
8.660254037844387 135
17.320508075688775 70
17.320508075688775 80
17.320508075688775 90
17.320508075688775 100
17.320508075688775 110
17.320508075688775 120
17.320508075688775 130
17.320508075688775 140
25.98076211353316 65
25.98076211353316 75
25.98076211353316 85
25.98076211353316 95
25.98076211353316 105
25.98076211353316 115
25.98076211353316 125
25.98076211353316 135
25.98076211353316 145
34.64101615137755 70
34.64101615137755 80
34.64101615137755 90
34.64101615137755 100
34.64101615137755 110
34.64101615137755 120
34.64101615137755 130
34.64101615137755 140
34.64101615137755 150
43.30127018922194 65
43.30127018922194 75
43.30127018922194 85
43.30127018922194 95
43.30127018922194 105
43.30127018922194 115
43.30127018922194 125
43.30127018922194 135
43.30127018922194 145
51.96152422706633 70
51.96152422706633 80
51.96152422706633 90
51.96152422706633 100
51.96152422706633 110
51.96152422706633 120
51.96152422706633 130
51.96152422706633 140
51.96152422706633 150
60.621778264910716 65
60.621778264910716 75
60.621778264910716 85
60.621778264910716 95
60.621778264910716 105
60.621778264910716 115
60.621778264910716 125
60.621778264910716 135
60.621778264910716 145
0 30
0 40
0 50
0 60
8.660254037844387 25
8.660254037844387 35
8.660254037844387 45
8.660254037844387 55
17.320508075688775 10
17.320508075688775 20
17.320508075688775 30
17.320508075688775 40
17.320508075688775 50
17.320508075688775 60
25.98076211353316 5
25.98076211353316 15
25.98076211353316 25
25.98076211353316 35
25.98076211353316 45
25.98076211353316 55
34.64101615137755 0
34.64101615137755 10
34.64101615137755 20
34.64101615137755 30
34.64101615137755 40
34.64101615137755 50
34.64101615137755 60
43.30127018922194 5
43.30127018922194 15
43.30127018922194 25
43.30127018922194 35
43.30127018922194 45
43.30127018922194 55
51.96152422706633 0
51.96152422706633 10
51.96152422706633 20
51.96152422706633 30
51.96152422706633 40
51.96152422706633 50
51.96152422706633 60
60.621778264910716 5
60.621778264910716 15
60.621778264910716 25
60.621778264910716 35
60.621778264910716 45
60.621778264910716 55

69 77

148 115
139.86526713848394 133.270909152852
126.74408655867381 148.36510075730746
122 0
134.31322950651315 15.76021507213445
146.89963732750934 0.21729584299457372
148.70002551328616 29.653382481314402
0 130
0.34904812874563645 149.99695390312783
0 0
0 20
