1 24 1
2 16 3
3 16 2
4 16 3
5 16 1
6 16 2
7 1 3

1 24 1
2 16 1
3 16 1
4 16 1
5 16 1
6 16 1
7 1 3

1 24 1
2 16 1
3 16 1
4 16 1
5 23 1
6 16 1
7 1 3

1 24 1
2 16 1
3 16 1
4 16 1
5 23 1
6 16 1
7 1 3

1 17 3
2 4 3
3 4 3
4 4 3
5 4 3
6 4 3
7 2 1

1 17 3
2 4 3
3 4 3
4 4 2
5 4 3
6 4 3
7 2 1

1 17 3
2 4 1
3 4 2
4 4 1
5 4 1
6 4 1
7 2 1

1 3 1
2 16 1
3 16 1
4 16 3
5 16 3
6 16 1
7 9 3

1 6 3
2 4 3
3 4 3
4 4 3
5 4 1
6 4 3
7 14 1

1 24 1
2 5 2
3 5 3
4 5 3
5 5 2
6 5 2
7 7 3

1 24 1
2 5 1
3 5 1
4 5 1
5 5 1
6 5 1
7 7 3

1 24 1
2 5 1
3 5 1
4 5 1
5 5 1
6 5 1
7 7 3

1 24 1
2 5 1
3 5 1
4 5 1
5 5 1
6 5 1
7 7 3

1 24 1
2 5 1
3 5 1
4 5 1
5 5 1
6 5 1
7 7 3

1 24 1
2 5 1
3 5 1
4 5 1
5 5 1
6 5 1
7 7 3

1 10 3
2 22 3
3 12 1
3 22 2
4 22 3
5 22 3
6 12 1
6 22 2
7 8 1

1 12 2
2 22 1
3 22 3
4 22 3
5 22 3
6 22 2
7 8 1

1 10 3
2 10 1
3 21 1
4 21 1
5 23 3
6 21 3
7 23 3

1 10 3
2 10 1
3 21 1
4 21 1
5 23 3
6 21 3
7 23 3

1 10 3
2 10 1
3 21 1
4 21 1
5 23 3
6 21 2
7 23 3

1 10 3
2 10 1
3 21 1
4 21 1
5 23 2
6 21 1
7 23 3

1 10 2
2 10 1
3 21 1
4 21 1
5 23 1
6 21 1
7 23 2

1 10 1
2 10 1
3 21 1
4 21 1
5 23 1
6 21 1
7 23 1

1 10 1
2 10 1
3 21 1
4 21 1
5 23 1
6 21 1
7 23 1

1 10 1
2 10 1
3 21 1
4 21 1
5 23 1
6 21 1
7 23 1

1 10 1
2 10 1
3 21 1
4 21 1
5 23 1
6 21 1
7 23 1

1 10 1
2 10 1
3 21 1
4 21 1
5 23 1
6 21 1
7 23 1

1 10 1
2 10 1
3 21 1
4 21 1
5 23 1
6 21 1
7 23 1

1 15 1
2 11 2
3 11 3
4 11 3
5 11 2
6 11 3
7 18 1

1 19 2
1 12 1
2 12 3
3 12 3
4 12 3
5 12 1
6 12 1
7 20 3

1 12 3
2 12 3
3 12 1
3 21 2
4 12 3
5 12 1
6 12 1
7 20 3

1 18 1
2 13 3
3 13 3
4 13 3
5 13 3
6 13 3
7 18 1
7 20 2

1 18 1
2 13 3
3 13 3
4 13 3
5 13 3
6 13 3
7 20 3

1 18 1
2 13 2
3 13 3
4 13 3
5 13 3
6 13 3
7 20 2

1 18 1
2 13 1
3 21 2
4 13 3
5 13 2
6 13 2
7 20 1

