1 1 1
2 1 3
3 2 2
4 2 3
5 2 3

1 1 1
2 1 3
3 2 1
4 2 2
5 2 3

1 15 2
2 3 3
3 4 3
4 15 1
5 7 1

1 15 1
2 3 1
3 4 2
4 15 1
5 7 1

1 15 1
2 3 1
3 4 1
4 15 1
5 7 1

1 19 3
2 9 1
3 10 3
4 19 3
5 19 3

1 19 1
2 9 1
3 10 3
4 19 2
5 19 2

1 19 1
2 9 1
3 10 3
4 19 1
5 19 1

1 18 1
2 18 3
3 5 1
4 18 3
5 6 3

1 18 3
2 18 1
3 5 1
4 18 1
5 6 3

1 13 3
2 20 2
3 20 1
4 14 1
5 20 2

1 8 3
2 15 2
3 15 1
4 11 3
5 12 2

1 8 1
2 15 1
3 15 1
4 11 1
5 12 1

1 8 1
2 15 1
3 15 1
4 11 1
5 12 1

1 8 1
2 15 1
3 15 1
4 11 1
5 12 1

1 8 1
2 15 1
3 15 1
4 11 1
5 12 1

1 8 1
2 15 1
3 15 1
4 11 1
5 12 1

1 8 1
2 15 1
3 15 1
4 11 1
5 12 1

1 21 3
2 16 3
3 21 3
4 21 3
5 17 1

