1 1 1
2 3 3
3 2 3
4 3 3
5 10 1

1 1 1
2 3 3
3 2 3
4 3 3
5 10 1

1 1 1
2 3 3
3 2 3
4 3 3
5 10 1

1 1 1
2 3 3
3 2 3
4 3 3
5 10 1

1 1 1
2 3 3
3 2 3
4 3 3
5 10 1

1 1 1
2 3 3
3 2 3
4 3 3
5 10 1

1 1 1
2 3 3
3 2 3
4 3 3
5 10 1

1 1 1
2 3 3
3 2 3
4 3 3
5 10 1

1 1 1
2 3 3
3 2 3
4 3 3
5 10 1

1 1 1
2 3 3
3 2 3
4 3 3
5 10 1

1 1 1
2 3 3
3 2 3
4 3 3
5 10 1

1 1 1
2 3 3
3 2 3
4 3 3
5 10 1

1 1 1
2 3 3
3 2 3
4 3 3
5 10 1

1 1 1
2 3 3
3 2 3
4 3 3
5 10 1

1 1 1
2 3 3
3 2 3
4 3 3
5 10 1

1 1 1
2 3 3
3 2 3
4 3 3
5 10 1

1 1 1
2 3 1
2 4 2
3 2 3
4 3 3
5 10 1

1 6 3
2 5 1
3 1 3
4 1 3
5 10 3

1 6 3
2 5 1
3 1 3
4 1 3
5 10 3

1 6 3
2 5 1
3 1 3
4 1 3
5 10 3

1 6 3
2 5 1
3 1 3
4 1 3
5 10 3

1 6 3
2 5 1
3 1 3
4 1 3
5 10 3

1 6 3
2 5 1
3 1 3
4 1 3
5 10 3

1 6 3
2 5 1
3 1 3
4 1 2
5 10 3

1 6 3
2 5 1
3 1 3
4 1 1
5 10 3

1 6 3
2 5 1
3 1 3
4 1 1
5 10 3

1 6 3
2 5 1
3 1 3
4 1 1
5 10 3

1 6 3
2 5 1
3 1 3
4 1 1
5 10 3

1 6 3
2 5 1
3 1 3
4 1 1
5 10 3

1 6 3
2 5 1
3 1 3
4 1 1
5 10 3

1 6 3
2 5 1
3 1 3
4 1 1
5 10 2

1 6 3
2 5 1
3 1 3
4 1 1
5 10 1

1 6 3
2 5 1
3 1 3
4 1 1
5 10 1

1 6 3
2 5 1
3 1 3
4 1 1
5 10 1

1 6 3
2 5 1
3 1 3
4 1 1
5 10 1

1 6 3
2 5 1
3 1 3
4 1 1
5 10 1

1 6 2
2 5 1
3 1 2
4 1 1
5 10 1

1 7 3
2 9 3
3 9 3
4 10 1
5 10 3

1 7 3
2 9 3
3 9 3
4 10 1
5 10 3

1 7 3
2 9 3
3 9 3
4 10 1
5 10 3

1 7 3
2 9 3
3 9 3
4 10 1
5 10 3

1 7 3
2 9 3
3 9 3
4 10 1
5 10 3

1 7 3
2 9 3
3 9 3
4 10 1
5 10 3

1 7 3
2 9 3
3 9 3
4 10 1
5 10 3

1 7 3
2 9 3
3 9 3
4 10 1
5 10 3

1 7 3
2 9 3
3 9 3
4 10 1
5 10 3

1 7 3
2 9 3
3 9 3
4 10 1
5 10 3

1 7 3
2 9 3
3 9 3
4 10 1
5 10 3

1 7 3
2 9 3
3 9 3
4 10 1
5 10 3

1 7 2
2 9 1
3 9 2
4 10 1
5 10 2

