140 68

120 80
130 80
140 80
150 80
160 80
170 80
180 80
190 80
140 90
150 90
160 90
170 90
180 90
190 90
150 100
160 100
170 100
180 100
190 100
160 110
170 110
180 110
190 110
160 120
170 120
180 120
190 120
170 130
180 130
190 130
180 140
200.0 80.0
200.0 90.0
200.0 100.0
200.0 110.0
200.0 120.0
165.21494573814783 145.6448372144435
162.05266807797946 136.15800423393836
120 0
130 0
140 0
150 0
160 0
170 0
180 0
190 0
120 10
130 10
140 10
150 10
160 10
170 10
180 10
190 10
120 20
130 20
140 20
150 20
160 20
170 20
180 20
190 20
120 30
130 30
140 30
150 30
160 30
170 30
180 30
190 30
120 40
130 40
140 40
150 40
160 40
170 40
180 40
190 40
120 50
130 50
140 50
150 50
160 50
170 50
180 50
190 50
120 60
130 60
140 60
150 60
160 60
170 60
180 60
190 60
120 70
130 70
140 70
150 70
160 70
170 70
180 70
190 70
200.0 10.0
200.0 20.0
200.0 30.0
200.0 40.0
200.0 50.0
200.0 60.0
200.0 70.0
90 0
100 0
110 0
80 10
90 10
100 10
110 10
70 20
80 20
90 20
100 20
110 20
70 30
80 30
90 30
100 30
110 30
60 40
70 40
80 40
90 40
100 40
110 40
90 50
100 50
110 50
90 60
110 60
108.39748528310781 72.26499018873855
100.07698233972937 66.71798822648626
75.11547350959407 50.076982339729376

140 68

180 170
180 190
200.0 170.0
200.0 190.0
200.0 210.0
200.0 230.0
200.0 250.0
180 150
200.0 130.0
200.0 150.0
200.0 0.0
40 0
60 0
80 0
40 20
60 20
0 0
20 0
