13 8

15 20
25 20
25 30
58.0 80.0
53.3376092327924 71.15341239042661
48.675218465584805 62.306824780853226
44.01282769837721 53.46023717127984
39.35043693116962 44.61364956170645
34.68804616396202 35.76706195213307
95.0 30.0
85.9626216110646 25.719136552609555
76.92524322212923 21.438273105219107
67.88786483319385 17.15740965782866
45 -20
15 -10
25 -10
15 0
15 10
38.07165330268283 12.022627358741946
58.85048644425845 12.876546210438214
49.81310805532306 8.595682763047765
31.73835127745229 0.03395586826687236
38.07165330268283 -12.022627358741946
66.67913325670708 -21.056568396854864
85.13606076167856 -28.356010126946426
75.27212152335713 -26.712020253892852
55.54424304671425 -23.42404050778571
16.919095029100397 -24.06004429494522
22.83819005820079 -32.12008858989044
40.59547514550198 -56.3002214747261
46.51457017460237 -64.36026576967132
30.199116126101007 -51.240464958035524
23.248895157626258 -44.0505811975444
-45 20
-5 20
5 20
0.0 30.0
0.0 40.0
0.0 90.0
2.5968759701294464 80.16931077355696
3.89531395519417 70.25396616033544
5.193751940258893 60.33862154711392
6.492189925323616 50.42327693389239
-66.67913325670708 21.056568396854864
-55.54424304671425 23.42404050778571
-16.919095029100397 24.06004429494522
-22.83819005820079 32.12008858989044
-40.59547514550198 56.3002214747261
-46.51457017460237 64.36026576967132
-30.199116126101007 51.240464958035524
-23.248895157626258 44.0505811975444
-5 -60
-5 -50
-25 -20
-15 -20
-5 -20
5 -20
-15 -10
-5 -10
5 -10
-15 0
-5 0
5 0
-25 10
-15 10
-5 10
5 10
0.0 -40.0
-3.89531395519417 -70.25396616033544
-9.089065895453063 -30.592587707449354
-22.83819005820079 -32.12008858989044
-40.59547514550198 -56.3002214747261
-39.35043693116962 -44.61364956170645
-34.68804616396202 -35.76706195213307
-67.88786483319385 -17.15740965782866
-58.85048644425845 -12.876546210438214
-49.81310805532306 -8.595682763047765
-40.775729666387676 -4.314819315657321
-31.73835127745229 -0.03395586826687236
-38.07165330268283 12.022627358741946

13 8

95.0 -30.0
58.0 -80.0
0.0 100.0
-75.27212152335713 26.712020253892852
-58.0 80.0
-48.675218465584805 -62.306824780853226
-76.92524322212923 -21.438273105219107
0.0 -80.0
0.0 -100.0
-58.0 -80.0
-95 30
-95 -30
